100 100
100 100
44 39 36 61 60 44 99 2 97 13 97 86 1 97 79 3 51 26 56 20 24 87 83 15 34 53 24 40 100 86 34 48 93 37 29 46 10 82 63 58 68 5 34 62 9 77 61 90 36 81 62 66 69 75 61 94 2 88 8 63 3 36 24 59 37 28 63 52 37 65 85 30 82 4 18 45 68 87 27 46 100 73 11 34 45 84 38 11 37 39 17 40 48 76 38 71 74 82 78 69
77 33 59 22 83 84 41 59 93 98 62 2 37 34 96 34 78 17 79 21 34 88 71 34 76 39 60 53 83 50 15 59 79 17 41 89 55 13 14 40 73 65 53 80 59 85 47 95 13 95 67 1 64 21 40 43 6 5 66 52 25 55 92 90 49 60 20 69 41 61 84 94 14 32 47 11 92 56 51 47 61 84 91 91 77 52 44 29 61 81 20 81 19 16 37 98 45 58 15 76
91 43 36 38 87 67 64 95 5 88 17 56 73 19 33 86 86 84 84 79 87 47 20 77 54 99 64 43 7 9 1 16 4 19 94 12 8 59 48 98 6 37 25 96 8 5 27 84 87 27 5 29 36 90 76 17 21 41 56 51 34 89 33 99 49 94 45 39 79 85 88 40 84 61 40 13 32 84 51 81 20 63 77 24 92 49 81 92 10 19 32 96 10 48 100 9 15 85 61 61
52 50 59 40 70 46 26 35 52 34 30 85 33 78 89 24 10 53 31 51 28 83 68 99 76 54 18 60 86 10 53 91 2 78 100 47 96 63 43 35 34 16 68 65 47 88 56 8 3 39 9 81 48 22 13 31 45 63 94 36 68 10 9 57 35 9 17 65 27 17 6 94 35 58 96 64 47 65 73 64 80 63 95 55 69 62 27 57 47 90 56 21 6 35 70 35 33 57 36 97
77 72 31 95 72 68 65 37 64 93 9 31 7 3 27 86 9 83 66 70 9 54 80 59 48 59 64 80 40 83 14 62 56 61 42 98 57 93 19 72 38 92 33 93 83 24 42 67 2 4 62 19 61 44 63 6 82 99 50 95 21 57 87 97 35 57 46 76 53 90 62 53 14 68 32 23 69 70 86 10 67 6 11 74 12 50 94 17 26 17 31 87 8 80 31 68 79 21 42 37
86 45 48 88 4 44 68 52 56 77 99 56 89 63 39 3 79 33 4 86 63 4 67 53 87 35 72 15 44 88 8 2 68 96 37 70 15 33 46 59 98 66 67 45 71 69 20 86 17 42 96 75 29 76 9 39 29 35 5 75 87 63 22 9 52 73 98 2 96 50 39 80 90 50 51 64 86 53 97 21 48 85 42 98 86 83 46 35 86 67 9 47 27 71 14 55 31 74 97 85
44 54 23 45 50 66 59 60 7 45 41 69 58 7 84 87 28 28 72 35 43 90 16 59 30 16 82 44 19 78 20 37 98 75 12 99 62 61 21 65 20 8 71 31 81 57 66 35 24 24 25 65 26 54 38 80 55 72 96 83 35 53 31 31 44 95 55 100 55 85 38 17 95 61 40 37 95 93 11 28 31 67 22 54 22 45 55 57 34 62 22 23 80 99 78 34 77 70 99 32
6 66 82 56 93 26 54 39 22 74 66 7 36 31 14 66 73 85 35 27 96 42 36 100 33 95 73 51 68 6 74 68 89 92 12 30 12 85 6 89 44 53 72 38 4 48 13 92 52 64 16 65 6 21 86 42 14 6 32 78 75 12 85 95 75 25 47 64 97 18 64 84 100 39 14 11 15 40 20 70 85 63 97 5 6 22 13 85 23 98 11 40 36 54 71 11 71 75 71 75
34 72 94 38 6 58 58 45 52 63 42 10 38 93 8 75 73 82 59 32 35 31 89 68 38 25 6 34 51 91 6 64 73 66 17 10 79 37 94 54 40 44 23 91 21 69 45 28 33 28 100 20 54 12 43 34 19 9 8 61 8 62 95 8 92 77 11 9 60 74 65 3 37 6 86 42 45 51 12 7 99 88 60 79 40 32 8 100 6 87 54 23 42 43 65 85 42 99 94 18
50 47 19 90 76 24 47 13 6 75 64 29 60 69 53 70 22 24 46 18 76 51 26 28 22 22 52 61 11 10 63 64 98 73 1 57 62 98 28 45 8 69 52 60 8 95 9 7 65 50 84 70 52 78 32 97 90 69 55 52 14 96 82 11 92 4 25 31 63 55 94 43 71 90 54 3 68 43 71 59 42 29 5 59 78 47 31 71 32 84 12 92 6 92 82 30 63 43 77 22
13 87 79 2 51 19 19 37 63 10 10 31 50 95 44 81 12 16 83 3 5 88 26 23 60 66 66 36 47 55 86 39 42 60 57 70 23 38 94 68 52 91 91 66 91 8 100 74 3 45 4 92 45 78 46 62 9 34 51 9 84 45 15 93 17 19 60 79 10 32 54 38 70 62 39 90 95 86 85 81 21 19 71 23 54 10 8 85 43 77 26 18 68 35 95 78 78 44 53 8
62 20 80 43 36 70 2 98 69 9 64 17 21 65 42 61 87 57 19 28 39 79 24 34 51 19 71 16 49 15 74 76 1 67 31 49 16 72 57 58 74 8 43 90 7 30 8 84 18 20 61 20 36 19 97 28 34 21 63 42 36 76 6 77 42 11 25 10 48 35 89 55 37 49 71 31 84 37 80 34 23 21 14 76 20 52 35 40 75 93 39 65 9 75 67 62 100 68 39 71
50 67 38 11 92 32 78 74 34 6 59 21 7 61 96 42 91 95 15 92 51 38 40 78 100 51 87 15 84 20 16 83 37 72 53 14 97 76 37 50 1 84 57 72 23 15 77 58 86 30 87 57 19 21 100 62 77 75 18 92 23 60 62 99 18 44 48 26 42 8 93 20 69 1 85 11 16 57 2 13 45 56 6 23 74 94 81 14 26 89 66 14 5 6 49 10 75 24 29 22
23 91 78 67 4 3 78 46 19 73 56 79 91 84 4 22 39 39 87 44 27 12 66 17 5 54 20 33 38 58 58 51 99 79 65 19 86 38 15 82 13 54 79 51 32 43 92 96 15 92 65 21 95 50 29 61 55 42 53 40 20 41 90 35 44 77 14 45 73 37 75 82 40 51 26 7 76 24 100 78 71 58 90 43 93 88 77 77 80 29 87 12 83 2 61 8 24 88 50 1
48 65 16 61 79 30 91 42 39 82 82 14 30 18 16 86 84 40 62 24 27 63 32 36 56 84 66 27 27 62 74 26 67 59 82 92 17 84 94 82 6 61 24 17 82 38 90 60 61 22 79 36 78 26 64 7 65 69 86 94 67 83 60 32 95 59 31 76 32 72 86 33 46 85 50 93 81 17 49 53 72 42 56 90 58 92 47 11 97 91 71 23 41 12 57 33 62 16 12 43
45 15 64 88 6 93 62 67 78 37 41 32 32 52 54 62 8 44 36 90 38 43 60 22 10 90 75 40 8 83 73 49 67 82 91 59 46 3 47 49 9 27 26 97 63 87 66 6 42 32 51 5 22 43 17 40 82 42 22 16 68 79 31 82 25 35 2 7 32 33 50 76 5 67 58 50 19 79 49 5 76 26 23 73 97 66 23 50 55 61 71 7 39 80 68 18 65 27 50 39
46 80 58 83 29 25 46 9 73 30 80 42 57 82 4 5 9 91 70 51 16 53 37 69 100 93 41 2 71 39 100 77 37 94 44 26 19 69 84 44 80 45 80 37 70 13 55 23 62 70 2 91 5 18 22 95 92 80 42 7 9 11 18 17 41 27 10 96 31 20 62 64 9 21 38 13 81 1 78 33 31 52 86 78 60 28 12 22 54 86 58 58 34 26 57 19 71 18 96 82
66 24 11 20 84 10 24 61 76 52 44 94 76 46 6 16 43 57 16 10 85 17 8 6 35 43 88 59 60 55 41 74 69 51 10 7 51 88 57 75 1 50 5 68 31 19 83 15 56 44 57 64 66 6 5 7 26 28 93 39 76 20 95 57 75 30 94 17 3 29 77 40 19 77 75 23 17 91 83 40 79 80 31 52 90 95 62 66 84 38 35 81 7 35 28 8 4 70 66 74
27 49 27 83 30 5 49 35 80 27 88 65 45 34 20 55 40 89 52 44 98 83 10 91 20 91 23 51 72 41 6 46 31 52 47 24 52 49 35 53 78 57 35 4 12 33 25 63 88 1 75 76 97 9 5 97 79 7 74 20 60 23 28 6 9 2 81 76 38 5 54 43 76 89 50 60 39 44 90 12 94 84 58 34 56 61 65 37 55 45 87 1 53 26 71 20 43 21 30 50
44 72 32 36 41 9 47 15 82 13 84 97 22 78 2 12 16 23 53 68 68 79 57 45 30 60 8 78 5 50 97 71 40 86 56 48 3 44 24 69 10 67 90 3 72 36 66 52 62 24 10 70 51 78 94 33 27 17 21 70 99 23 79 74 14 18 27 72 2 46 6 56 95 55 31 9 91 80 43 23 12 78 66 28 21 31 5 2 64 55 100 90 5 89 89 74 86 68 66 26
2 95 10 12 86 95 47 80 25 51 86 77 3 1 11 27 76 50 37 35 7 51 2 14 46 65 99 38 2 53 79 94 64 3 52 11 62 95 4 65 38 33 97 98 9 26 13 26 70 94 88 56 10 28 75 52 32 95 46 44 9 10 39 3 23 49 44 3 71 38 42 59 69 13 97 72 93 40 4 32 69 42 73 33 51 38 97 48 88 81 85 27 92 88 63 73 58 95 64 60
19 69 82 28 53 100 56 54 61 21 14 85 95 89 34 24 32 8 40 27 11 27 56 89 76 5 65 7 83 26 72 34 20 56 27 50 71 17 42 73 88 21 51 61 97 51 86 84 23 49 23 67 89 65 24 42 94 54 49 98 76 86 16 61 90 6 86 16 54 69 40 39 100 50 53 58 19 76 39 47 90 100 80 89 19 17 4 99 64 29 56 80 58 20 23 82 21 71 50 47
4 39 10 37 42 22 14 17 32 93 64 38 89 9 7 8 73 64 69 90 33 63 41 20 47 47 70 74 41 84 12 86 70 28 21 89 36 53 28 7 71 22 73 82 74 84 42 33 27 31 85 70 84 7 68 43 100 49 56 9 51 72 97 84 52 57 47 49 77 71 7 3 30 84 85 29 14 58 41 93 45 38 48 18 81 29 77 44 73 45 66 88 96 53 6 37 50 19 1 100
68 4 87 20 10 50 11 6 52 60 25 68 53 65 58 3 31 35 43 44 46 34 36 86 2 80 76 77 41 74 62 16 54 60 55 91 45 10 12 9 60 43 15 24 85 89 69 99 94 53 39 65 14 8 32 73 54 49 19 88 82 18 52 19 95 41 31 39 57 20 77 60 81 90 29 42 36 15 6 44 15 27 12 44 60 35 79 53 81 40 27 86 76 31 36 49 34 84 46 75
25 86 44 57 84 7 96 45 42 46 87 98 52 96 37 56 85 65 8 33 95 85 97 3 60 66 33 22 37 4 14 92 9 89 95 22 77 55 99 10 76 70 87 87 24 4 30 15 97 45 15 87 31 49 61 65 87 27 84 91 80 84 48 96 59 14 60 51 47 67 55 37 16 3 51 55 43 63 18 31 99 53 65 60 94 15 29 55 15 34 38 88 16 66 14 69 90 6 72 15
24 96 57 7 32 74 67 72 45 28 66 99 30 48 96 27 12 53 77 5 3 9 17 19 77 88 22 95 52 40 98 52 82 26 14 55 44 44 58 97 66 52 23 32 94 54 94 84 66 47 55 1 51 3 5 33 69 95 52 53 38 20 27 98 60 88 43 53 59 87 66 19 51 19 92 62 69 52 8 27 23 14 83 71 75 86 6 38 76 73 36 69 88 61 38 95 23 85 17 66
56 75 70 32 9 54 87 75 76 97 18 74 11 51 70 4 100 19 93 97 38 96 83 60 13 21 35 2 97 80 59 26 5 71 24 2 62 26 15 53 88 8 12 68 18 44 15 75 6 60 4 34 38 89 64 62 77 69 40 86 48 79 23 12 82 80 40 24 70 86 92 9 40 54 71 17 96 31 19 71 29 48 65 10 55 96 57 71 35 67 54 48 63 7 100 77 44 41 94 44
89 85 92 54 49 99 100 47 31 44 83 44 45 15 94 27 26 71 56 68 13 94 6 57 27 81 60 79 67 24 4 75 13 38 64 50 40 19 20 5 17 86 7 17 91 36 35 77 41 22 45 60 42 67 41 88 87 82 21 38 87 57 76 100 1 50 57 91 86 83 65 63 41 82 1 50 36 6 8 73 92 9 41 83 22 60 60 23 69 30 99 69 100 97 36 27 21 30 10 100
71 66 74 8 87 15 35 56 81 62 99 51 17 79 32 55 100 5 70 74 82 75 6 50 60 57 62 26 44 43 52 47 75 92 26 39 40 6 83 11 74 19 58 41 73 55 92 1 63 37 27 78 22 85 25 68 6 18 59 43 54 22 3 12 53 78 80 56 69 97 78 36 69 53 26 6 82 46 61 67 23 64 51 98 100 43 20 9 16 95 99 28 87 63 76 12 19 6 8 60
23 39 80 69 47 30 38 12 11 12 100 7 33 2 30 6 96 64 63 27 99 32 28 57 59 29 25 98 18 77 28 22 52 11 36 38 100 78 63 64 36 30 10 83 85 94 35 4 60 60 13 29 67 3 44 88 35 97 91 39 74 79 53 42 36 19 27 25 46 58 16 45 15 48 58 94 34 4 21 37 77 7 8 79 40 21 53 100 92 70 74 51 28 76 74 9 48 48 55 95
84 31 59 23 72 10 18 92 85 91 20 44 8 30 40 19 71 76 50 30 79 41 25 20 71 49 90 15 69 24 90 7 73 81 30 67 33 5 57 70 55 48 86 73 61 32 92 5 21 86 95 76 72 32 13 44 68 97 65 72 93 36 64 85 3 15 100 91 60 54 6 7 99 72 16 40 99 40 71 13 18 14 64 95 13 80 35 34 16 98 75 77 39 29 29 64 51 40 100 5
5 63 37 27 97 97 53 43 40 76 72 54 50 32 51 87 17 36 19 13 82 25 55 65 46 99 60 52 96 58 55 84 23 76 53 12 32 78 90 31 76 51 42 53 25 41 93 59 23 57 21 20 31 66 21 20 36 20 79 48 85 28 18 24 90 63 4 90 5 57 22 43 47 26 83 33 26 27 84 100 58 7 96 46 33 92 29 28 92 66 30 88 47 57 71 78 5 89 6 48
68 7 9 90 69 74 71 28 60 16 85 80 54 38 53 19 6 87 87 45 31 83 67 4 83 42 15 15 41 24 60 11 4 73 20 2 98 39 77 64 25 6 10 49 32 37 82 3 73 53 100 18 37 20 95 86 5 8 94 42 99 79 54 73 33 41 5 68 63 7 47 67 23 68 40 85 13 75 20 100 100 15 72 57 66 76 33 72 71 54 34 29 46 50 29 79 80 74 100 93
22 100 55 86 32 75 48 83 58 60 65 93 85 29 40 28 84 71 24 32 83 83 62 71 7 90 18 34 44 65 75 60 84 88 17 67 57 41 70 80 96 41 51 69 42 5 50 28 8 71 81 86 93 95 25 38 42 66 30 63 53 55 15 20 71 11 69 48 91 84 73 65 98 89 29 9 48 77 77 39 25 17 39 54 58 24 46 32 19 55 81 59 64 83 42 21 99 60 77 47
29 67 11 53 68 28 34 8 95 43 87 91 86 75 56 59 60 89 99 46 35 1 93 61 55 51 14 97 41 86 68 81 75 4 92 72 79 86 59 77 10 37 16 3 36 63 81 85 57 37 48 99 45 8 55 66 64 15 77 63 10 19 52 87 14 90 43 58 71 46 59 79 55 1 15 99 1 36 84 8 86 63 35 96 52 40 48 17 12 56 60 98 11 8 12 68 37 48 26 38
26 22 29 78 52 29 42 3 61 15 68 58 38 8 29 26 66 80 11 32 2 12 51 44 58 81 7 39 25 17 96 64 99 65 23 59 69 48 33 24 18 40 62 83 4 5 28 27 11 45 66 19 8 39 53 100 47 63 83 53 19 10 35 57 15 29 86 68 97 15 31 53 17 89 3 38 15 10 69 28 15 82 10 6 37 62 77 95 88 81 87 49 77 100 48 69 77 47 87 71
43 92 83 13 29 15 99 85 77 13 20 89 20 90 44 74 79 45 91 74 92 48 20 52 25 54 25 92 4 76 12 96 85 90 63 78 96 43 38 75 92 45 36 33 35 26 98 5 33 55 40 30 80 82 55 10 35 95 64 11 71 30 84 39 12 93 62 40 6 4 81 17 56 59 87 20 55 97 17 35 21 63 94 13 54 45 88 87 72 65 46 71 96 50 49 43 58 83 87 42
22 58 52 40 100 32 52 80 54 10 56 23 69 52 26 71 67 35 29 81 66 83 78 62 4 98 22 16 75 90 100 91 79 18 62 48 2 98 4 71 84 85 99 100 5 52 41 54 7 90 94 11 39 77 77 73 40 48 94 53 50 19 17 68 6 9 3 32 92 69 2 18 8 100 100 86 16 49 60 77 69 93 1 91 16 44 54 60 56 48 43 20 30 38 31 51 35 46 30 6
62 56 12 87 56 50 30 13 86 16 85 72 61 99 3 30 47 95 10 93 99 76 97 17 53 45 59 45 41 16 80 56 7 31 45 39 99 44 55 1 30 56 89 22 66 97 23 60 61 91 46 87 89 42 17 10 29 34 70 17 37 45 94 35 66 17 7 48 63 34 10 88 47 67 52 8 100 19 25 84 6 54 83 45 20 99 8 36 17 67 55 65 6 61 45 65 49 46 29 80
75 22 18 50 23 7 74 14 50 37 22 94 23 11 21 92 89 55 48 3 81 52 64 74 63 22 99 54 25 55 12 13 98 37 22 93 75 54 65 21 18 56 65 25 73 89 72 67 80 46 59 35 28 81 93 14 74 90 43 66 100 75 76 93 46 36 65 56 64 31 66 7 7 15 10 41 44 74 93 88 40 41 61 27 28 28 55 41 62 23 93 1 54 87 64 89 79 5 56 71
75 11 56 54 66 10 21 47 60 71 21 36 93 87 92 62 99 95 38 87 61 7 62 36 36 55 80 4 27 71 18 92 5 70 72 2 49 98 51 26 55 68 45 3 19 48 22 65 39 90 48 96 3 24 97 73 6 7 70 2 54 27 58 20 20 7 66 15 6 96 4 5 50 69 75 81 47 49 43 69 93 99 51 7 2 11 37 44 71 24 78 18 61 77 5 31 39 8 71 25
85 47 61 90 38 2 9 92 14 99 54 3 94 40 20 36 67 35 8 45 30 2 21 31 14 99 47 62 68 74 57 88 37 77 99 80 60 84 33 61 87 88 30 42 88 45 55 26 54 27 56 70 86 14 85 96 21 30 57 69 5 96 41 100 65 48 13 68 93 63 9 70 25 11 33 49 6 1 61 88 76 29 21 47 52 100 56 56 41 27 93 3 68 66 82 33 100 62 85 47
46 10 28 83 90 44 44 15 30 74 50 22 48 15 32 33 82 3 87 92 36 2 31 16 92 29 13 7 65 43 57 51 75 62 91 88 46 74 10 3 17 81 74 56 17 38 15 94 86 72 91 74 72 89 58 68 34 89 55 18 51 31 98 97 7 97 23 28 51 56 59 24 16 20 87 90 60 51 31 89 93 28 73 70 68 98 73 1 71 77 100 13 25 5 18 18 12 13 92 11
13 6 3 56 71 11 24 32 63 65 54 64 9 83 39 55 10 58 51 66 3 53 48 96 53 59 2 29 76 16 16 81 41 87 9 16 20 22 7 33 54 81 61 59 78 33 10 40 96 29 35 42 90 68 35 3 36 31 96 50 37 31 39 17 51 24 57 42 80 24 82 42 49 86 32 29 85 57 89 85 69 39 99 63 28 55 13 29 84 3 15 51 10 80 54 55 74 32 88 80
23 34 39 39 41 8 42 81 91 90 96 51 97 95 78 65 31 51 83 11 85 96 97 62 23 83 55 86 32 99 99 87 20 99 4 74 26 43 29 44 79 99 68 60 72 94 97 2 48 43 42 19 77 10 52 34 70 100 60 34 59 71 2 84 28 37 28 79 13 48 3 51 52 91 42 32 53 97 87 71 48 92 14 95 53 22 83 46 83 67 99 27 98 51 21 34 13 12 24 10
12 18 44 11 22 15 13 66 37 85 38 68 57 99 83 82 63 96 81 38 80 94 50 26 1 30 58 20 32 95 46 12 19 47 18 39 93 95 51 85 89 95 64 21 48 74 89 3 59 30 41 53 53 13 40 42 65 63 53 78 67 100 61 93 60 66 61 47 84 61 10 8 85 50 38 36 11 95 65 100 24 61 95 45 52 76 30 8 65 81 84 40 62 61 5 29 31 94 8 15
97 26 20 19 18 35 65 42 43 94 13 33 58 5 70 4 33 11 81 29 61 62 54 86 98 36 33 4 67 27 55 36 10 1 17 78 22 26 75 17 98 28 58 37 82 50 82 11 2 48 82 61 43 65 6 12 78 56 64 56 1 70 29 36 8 60 14 20 39 87 62 43 45 33 77 27 45 47 97 95 68 33 48 94 3 81 60 98 83 57 73 20 13 18 84 31 45 54 75 91
91 96 92 31 97 32 27 3 66 71 84 57 88 39 44 67 49 65 24 99 25 51 85 47 45 88 84 18 31 74 44 3 78 66 92 90 53 72 25 95 24 41 53 37 47 95 33 84 97 26 70 23 80 58 59 53 27 54 4 24 88 19 20 68 79 99 66 2 70 12 28 34 22 37 86 44 24 20 17 33 3 84 6 40 13 96 19 23 99 93 72 89 88 80 8 19 17 31 12 34
92 99 26 32 32 18 79 70 87 47 28 77 56 37 86 97 17 65 33 4 78 85 67 67 5 17 45 47 58 100 18 74 32 10 3 88 7 81 34 37 77 81 71 1 21 47 29 4 44 41 51 97 10 19 33 45 27 15 70 24 51 45 100 54 72 27 29 53 71 40 19 12 9 9 62 98 82 23 88 75 34 56 33 66 98 5 27 39 64 60 46 52 73 29 12 96 68 9 100 62
88 35 59 74 79 3 6 74 31 82 62 76 68 99 59 67 62 26 86 22 74 25 10 22 96 28 75 44 54 56 78 12 8 84 91 13 92 77 4 98 3 74 93 46 98 77 50 90 61 39 80 80 39 6 94 1 8 3 41 40 29 96 55 45 64 68 54 67 15 61 84 34 2 73 56 22 52 37 56 91 42 40 96 64 14 50 93 65 17 93 48 89 8 10 87 4 45 96 80 56
16 43 67 83 80 68 69 99 41 38 61 37 46 84 59 66 16 9 5 82 24 83 57 34 70 19 75 91 51 62 34 43 42 75 32 72 92 98 50 64 54 56 41 61 81 49 44 47 75 66 97 98 63 6 27 19 72 45 73 13 91 47 34 46 9 14 72 81 68 45 63 31 79 36 76 2 12 35 48 67 70 53 13 85 69 85 95 50 33 24 64 44 22 36 33 23 81 94 100 82
70 4 75 59 88 78 99 27 14 78 4 10 62 18 51 89 57 75 86 23 65 61 20 7 81 94 33 98 31 54 84 41 8 26 41 51 99 61 14 50 77 10 77 81 94 99 39 78 13 99 64 50 37 83 26 87 33 69 9 23 91 49 98 49 63 11 20 81 28 2 9 45 98 72 5 33 53 87 60 58 53 13 47 71 39 42 12 87 57 36 11 66 9 59 63 60 45 89 71 85
37 32 33 81 54 42 32 1 73 55 3 36 39 88 1 22 55 67 28 53 77 56 17 12 39 51 24 58 57 19 14 66 98 84 17 99 85 18 11 62 70 68 27 27 8 36 96 42 47 57 9 81 15 46 72 87 9 46 22 7 98 50 81 19 20 25 88 63 64 63 45 69 33 58 2 19 65 11 57 15 83 15 85 92 31 81 59 13 36 79 57 50 71 13 79 41 36 40 38 99
5 71 3 69 90 68 27 96 31 18 69 99 28 75 99 11 19 46 28 58 6 15 49 48 73 48 88 72 97 36 66 62 81 28 51 53 23 29 70 10 16 95 64 93 24 54 70 40 29 54 63 5 57 16 63 21 34 98 99 40 46 71 27 25 20 50 85 23 43 16 11 36 86 40 99 64 19 33 53 97 34 56 17 69 95 61 43 42 87 55 42 38 19 28 15 91 80 25 78 72
20 18 13 15 15 32 74 31 60 87 61 62 75 91 33 58 93 55 42 94 27 93 77 5 2 2 49 61 79 73 21 28 73 55 67 24 20 73 68 88 60 100 34 60 56 25 47 19 31 77 78 14 53 24 14 80 21 72 20 40 89 11 73 75 43 15 92 83 65 32 92 100 95 7 45 3 99 19 12 20 31 26 11 72 52 65 65 41 45 74 37 13 72 50 14 85 34 81 93 33
30 32 16 86 16 37 25 21 18 92 20 16 28 21 65 3 14 88 8 25 71 97 85 19 66 69 52 48 23 35 84 93 41 28 55 67 90 42 36 97 1 54 41 93 64 81 30 79 96 40 41 96 30 7 85 35 5 85 17 76 35 89 40 20 39 94 96 18 75 60 6 71 35 84 32 47 9 65 6 16 1 88 59 19 29 40 77 72 20 53 88 15 64 12 81 20 22 45 77 55
14 80 73 15 66 10 60 34 50 65 14 85 96 61 48 94 23 100 93 74 21 20 44 99 10 23 25 86 79 93 63 22 90 25 63 57 82 17 91 61 98 47 32 69 87 73 72 42 88 89 87 22 17 56 64 8 2 4 54 95 60 84 23 100 30 94 82 3 16 96 99 69 93 33 77 43 83 82 77 41 41 4 4 30 91 68 10 29 63 45 80 67 94 34 29 3 10 65 57 50
39 22 32 29 49 24 6 91 45 53 55 74 44 80 35 8 68 32 4 18 30 28 28 72 95 52 76 39 3 46 86 63 10 86 100 54 71 75 3 16 72 83 38 9 78 75 79 16 49 48 62 52 55 69 70 22 74 16 92 78 12 93 30 56 66 29 99 54 63 54 77 64 34 77 54 51 53 85 5 81 60 23 23 91 88 28 89 10 25 46 94 52 41 40 47 26 84 19 89 68
22 14 29 80 6 63 72 35 48 35 33 20 59 60 52 77 3 28 1 7 39 33 38 64 8 37 65 63 37 5 6 66 69 21 18 52 25 95 86 64 19 27 84 16 84 65 67 98 50 82 60 90 97 17 90 58 99 3 24 75 42 33 52 85 97 43 16 97 82 36 94 79 84 57 26 93 38 67 36 59 97 16 49 28 17 3 95 47 92 77 24 23 22 32 77 74 64 31 47 18
47 78 28 41 60 4 33 53 67 28 37 66 79 60 92 65 83 63 74 59 25 57 54 88 42 77 84 62 54 37 68 62 48 75 79 88 58 95 42 75 28 34 51 61 49 9 22 30 76 87 59 53 59 32 22 39 75 83 60 82 31 83 85 7 82 3 37 47 35 44 58 24 56 87 26 80 98 68 51 88 8 95 21 96 38 42 63 85 78 19 4 63 59 66 40 75 89 8 42 72
14 32 2 9 99 52 59 42 84 49 24 60 16 26 38 65 23 24 95 66 43 93 43 47 60 15 60 73 41 27 45 84 6 65 76 52 32 80 2 66 44 5 92 83 16 11 43 31 23 69 92 59 17 73 94 93 67 89 74 95 25 89 83 19 48 39 30 84 20 7 35 71 75 29 65 73 53 61 14 44 74 28 21 97 61 65 79 27 39 43 77 37 24 94 88 53 90 58 14 22
10 19 49 19 90 57 67 31 56 99 9 65 7 55 63 64 68 55 33 98 54 12 70 6 90 59 79 23 58 21 46 88 97 67 36 58 58 26 67 56 60 78 63 25 52 66 75 89 96 90 52 75 58 14 92 52 81 41 6 12 27 44 16 14 41 36 31 71 19 71 76 19 50 52 9 93 80 14 100 39 9 94 55 98 3 7 12 54 43 9 67 40 69 6 37 81 52 35 46 37
64 48 89 98 29 38 68 27 94 96 33 89 86 30 78 77 61 7 39 15 81 83 2 19 11 84 12 88 30 46 7 65 70 97 39 40 76 73 34 17 15 43 62 64 58 83 11 55 18 75 92 11 3 25 81 87 83 41 56 70 56 17 71 24 95 74 62 32 17 34 55 81 5 23 88 18 31 23 91 100 22 50 8 90 86 53 1 93 10 88 20 69 45 61 48 85 31 19 60 43
84 8 28 58 77 3 30 18 97 70 84 30 11 97 20 85 37 77 34 55 84 9 43 55 66 27 40 91 52 15 27 94 77 86 50 72 50 13 82 32 19 49 66 44 56 9 74 25 15 36 95 82 9 69 53 25 55 74 67 2 20 66 72 35 35 38 5 5 2 5 3 49 11 81 60 98 13 37 66 84 93 62 31 25 50 78 49 98 82 2 16 65 12 53 47 3 48 95 31 62
36 85 79 57 64 98 61 63 31 10 15 33 96 1 4 84 97 41 42 99 85 43 64 73 26 21 28 28 86 46 22 35 70 38 99 42 27 100 85 73 79 63 65 1 24 82 26 91 19 50 47 55 74 94 58 23 75 32 86 70 74 33 70 45 43 31 82 57 98 89 78 75 29 52 21 6 29 78 96 79 94 32 73 58 88 42 100 84 41 83 99 61 17 62 57 79 83 69 23 99
69 49 38 34 76 30 11 22 52 41 71 28 83 85 14 39 43 29 42 53 63 66 56 7 89 72 27 6 18 72 41 13 81 82 33 56 25 13 94 39 87 84 56 73 44 82 44 54 78 9 67 81 72 19 26 63 6 46 42 30 49 60 29 30 98 40 89 73 45 30 77 79 15 79 93 29 16 33 6 22 20 49 29 95 7 52 66 66 18 24 86 35 32 33 67 53 87 61 76 26
38 82 34 75 21 48 14 23 83 4 55 80 58 12 42 41 11 71 5 15 59 100 89 78 58 52 12 91 64 97 72 17 38 57 72 75 17 45 72 24 45 34 39 53 11 52 72 56 12 96 22 78 57 93 15 17 13 2 85 85 83 66 78 55 97 88 36 95 8 54 50 76 56 48 70 32 6 3 46 26 16 17 49 34 66 75 7 98 49 3 59 4 47 8 85 88 74 11 52 35
88 58 41 51 96 26 47 37 71 74 60 100 91 73 66 5 1 14 21 74 22 4 6 29 59 90 9 67 96 46 92 76 84 22 67 64 58 58 53 55 29 13 1 30 98 18 93 55 87 5 40 79 60 30 89 57 2 1 29 52 98 34 84 10 52 65 9 37 17 90 52 81 70 67 19 84 14 51 24 84 95 38 33 86 15 88 38 38 61 45 94 9 18 96 51 62 39 62 48 20
74 49 40 63 37 85 95 13 29 30 7 3 17 7 77 13 69 30 79 60 65 63 6 82 21 4 55 11 75 89 64 82 24 33 38 10 73 63 40 21 22 79 29 8 58 86 99 38 54 99 26 91 1 4 64 17 34 65 66 66 16 94 48 12 54 38 90 25 69 92 1 70 60 4 33 11 57 63 5 93 23 91 37 29 55 7 83 76 79 93 95 48 61 99 74 18 61 8 13 55
40 73 47 6 56 96 53 91 11 26 60 29 18 20 78 53 71 11 47 79 64 3 47 62 70 34 66 63 82 75 100 23 82 88 58 36 55 84 38 14 23 3 39 98 83 96 1 7 37 72 80 95 93 10 55 38 81 43 27 33 63 4 100 93 24 10 31 79 65 29 55 75 59 28 12 94 2 5 43 41 71 75 94 80 42 40 66 32 28 45 13 69 100 90 31 39 30 60 96 85
29 8 94 10 24 97 45 21 44 83 4 41 13 41 95 53 98 97 9 45 41 99 100 17 35 61 69 23 92 5 95 54 92 83 33 15 24 11 31 31 58 49 40 5 70 84 40 90 52 16 3 51 90 73 39 90 19 93 36 62 41 85 74 73 99 39 56 85 57 33 87 3 6 68 22 72 29 91 16 51 86 54 78 62 86 81 54 65 4 84 84 42 34 51 98 100 8 19 75 16
39 99 59 98 63 10 72 24 38 68 29 63 22 62 56 36 29 54 98 33 36 89 81 60 46 29 21 7 39 81 73 9 15 63 96 88 20 75 9 3 6 87 47 64 21 36 46 64 14 53 20 27 8 71 59 18 33 14 72 64 2 88 48 10 18 62 47 87 91 15 52 53 11 34 40 47 64 92 13 35 56 37 50 86 84 48 97 58 31 55 96 33 84 8 60 57 6 52 41 29
50 62 23 16 88 98 90 33 83 6 82 62 73 93 7 14 65 37 10 31 64 74 28 96 66 70 68 29 89 91 40 25 93 82 12 7 90 8 16 35 50 68 84 11 19 39 89 39 79 85 96 94 62 28 29 10 40 51 42 100 98 6 51 14 7 43 13 9 5 95 45 33 8 2 42 71 49 78 74 65 20 46 62 6 19 74 6 100 48 71 78 25 78 85 100 47 63 78 44 5
43 93 6 16 79 12 77 41 89 50 66 70 90 15 69 66 20 96 77 74 96 92 43 94 16 46 76 64 61 81 25 38 17 62 27 39 12 47 54 81 74 1 68 52 65 53 25 85 46 43 59 61 78 98 87 24 74 100 45 59 48 87 51 30 15 52 30 17 97 42 90 57 25 10 19 37 71 49 58 72 63 65 82 92 85 19 56 3 32 21 79 9 7 62 24 70 80 8 8 2
54 80 41 42 55 90 90 55 80 81 76 14 78 38 30 26 1 72 55 11 38 50 43 22 11 15 80 47 61 28 56 65 22 8 69 79 81 89 11 28 64 14 15 94 12 4 19 26 48 54 14 39 18 71 86 95 34 14 67 86 22 53 94 77 41 22 27 34 94 65 30 71 98 15 93 26 27 17 9 3 14 63 67 76 83 23 13 18 97 81 79 60 43 53 50 83 90 8 49 64
7 91 72 42 59 22 37 50 8 95 33 48 91 6 18 15 55 75 15 3 43 28 43 63 8 76 25 58 41 75 49 23 46 46 45 85 58 49 1 80 93 78 74 5 85 1 100 37 12 50 41 60 90 43 23 80 78 100 18 18 36 79 6 68 76 99 74 16 53 53 23 38 27 51 18 6 36 23 18 45 50 23 92 86 7 71 21 64 88 38 67 42 57 93 86 97 18 16 1 54
47 43 76 34 64 38 41 95 8 73 80 11 96 45 67 21 38 79 69 35 98 10 46 4 73 89 89 5 84 10 31 64 29 73 18 42 43 22 17 62 71 73 83 93 4 5 18 99 95 9 91 2 78 1 30 10 43 60 99 50 6 62 55 12 31 94 27 59 26 99 99 89 80 8 48 50 46 60 48 48 94 94 26 86 97 37 88 27 48 9 24 64 71 63 67 99 99 22 32 87
98 15 80 51 91 4 20 17 57 47 54 71 51 52 82 33 53 78 27 69 37 18 30 31 37 87 45 75 90 89 34 92 25 31 66 37 65 44 14 72 69 62 95 75 37 45 72 88 29 66 5 33 18 75 84 33 84 35 21 61 16 73 78 1 73 51 52 57 27 80 36 93 18 6 86 67 43 27 22 87 17 44 100 76 49 14 84 1 44 77 71 53 44 34 6 40 29 33 16 34
97 77 53 70 4 66 2 29 30 20 26 47 51 44 48 28 7 7 24 43 44 48 20 7 48 99 1 26 79 75 45 18 46 60 75 8 35 91 74 5 21 11 73 53 58 3 73 48 96 93 28 32 82 39 29 13 44 62 3 74 85 46 64 67 99 89 9 100 3 28 1 43 78 68 71 31 24 36 13 82 100 62 20 64 32 26 14 34 25 51 30 89 43 97 64 73 3 74 81 44
80 72 21 54 47 33 78 1 66 4 67 70 70 15 17 30 82 43 2 15 52 19 44 49 64 95 16 26 91 47 69 66 86 17 94 64 6 70 34 98 8 94 18 28 92 16 75 8 60 27 57 88 60 51 41 34 37 37 98 68 20 55 39 45 42 6 98 41 82 29 89 68 34 36 23 42 45 38 88 32 32 39 69 67 4 18 17 29 55 35 11 25 36 88 58 67 38 3 40 59
23 16 27 93 81 31 100 79 33 72 87 40 47 94 53 55 45 3 1 47 31 54 58 59 49 86 15 49 55 80 58 29 1 3 49 37 45 59 97 68 34 80 59 12 19 24 93 95 48 87 69 7 16 77 30 69 91 38 21 97 71 34 50 20 42 44 83 32 37 52 11 86 55 62 61 23 24 46 24 53 89 32 15 94 59 25 6 99 35 94 32 77 52 99 33 79 54 96 5 73
35 41 96 21 59 50 47 6 57 86 54 78 33 12 81 17 95 86 75 59 61 82 22 42 8 95 70 94 55 97 78 13 87 81 67 96 28 59 87 10 86 11 71 47 30 94 83 55 44 68 12 67 31 38 2 92 28 92 91 40 86 76 93 59 25 58 76 98 72 32 42 29 29 35 55 15 82 44 25 32 60 63 84 9 38 36 76 84 3 88 70 28 38 55 85 85 61 45 47 6
72 63 51 91 58 37 40 44 80 28 15 95 91 68 10 59 89 77 91 80 89 89 85 84 55 16 74 52 38 41 29 75 86 90 61 9 74 18 21 84 12 46 70 3 79 90 35 1 84 74 52 76 95 22 44 80 6 9 84 96 27 12 17 74 30 16 5 95 79 82 6 69 78 36 40 43 11 17 72 10 58 41 65 63 86 22 10 41 84 64 92 22 56 74 42 37 72 28 79 2
1 85 3 28 90 76 61 18 51 96 20 90 79 81 76 3 78 32 50 49 92 91 45 96 54 57 74 87 20 43 1 26 1 24 16 50 29 3 95 16 32 49 69 91 52 42 91 66 95 2 43 87 22 57 29 38 4 36 95 14 12 94 7 9 23 88 20 87 84 17 42 25 25 28 93 20 88 66 82 55 37 34 100 95 4 47 95 93 77 94 94 54 86 84 60 46 28 70 31 69
97 4 13 4 73 75 61 42 23 85 25 14 50 78 15 51 94 29 38 18 60 75 69 23 66 5 100 65 34 36 32 46 16 40 56 73 86 6 33 17 32 32 51 13 39 70 58 54 96 1 51 73 27 59 28 82 10 36 80 7 50 5 50 2 74 100 84 47 67 15 1 56 32 47 23 51 20 95 99 50 27 83 35 30 20 5 61 19 74 82 58 17 30 29 19 74 72 38 85 26
38 18 62 87 84 21 34 31 46 92 97 62 24 18 13 49 1 68 85 2 41 19 83 19 46 38 2 36 67 13 3 32 59 42 86 27 3 12 76 20 10 40 96 33 71 71 8 13 43 63 9 50 4 35 98 23 57 33 24 40 78 75 12 99 27 28 48 15 26 53 47 1 74 14 85 63 42 59 7 51 20 78 85 16 16 91 97 12 9 28 85 33 51 32 53 21 37 88 55 39
76 42 3 23 23 27 26 99 67 12 19 5 9 7 9 46 95 17 50 94 23 70 83 64 71 44 88 76 23 20 35 10 16 7 82 14 51 2 94 88 50 23 86 57 90 23 3 60 68 97 9 70 51 76 28 9 20 33 42 99 22 35 22 67 47 20 83 60 10 70 2 61 62 1 66 12 30 16 80 31 3 28 71 52 26 43 61 61 69 65 98 51 85 30 6 96 17 44 77 60
78 19 63 16 60 6 82 43 81 23 84 67 29 55 4 20 15 100 68 31 3 97 65 11 62 20 39 30 85 38 62 66 93 37 54 61 72 24 1 97 41 46 4 86 41 16 24 57 81 59 64 17 39 16 81 9 16 60 51 13 30 68 42 79 4 38 30 22 74 27 70 90 76 17 44 7 96 23 35 16 34 30 89 83 74 65 24 20 27 73 49 14 52 92 72 73 86 100 83 59
55 57 3 61 80 43 93 51 30 71 96 81 50 58 96 12 30 15 97 71 88 18 18 42 88 92 100 47 98 99 82 15 39 52 83 14 99 21 1 71 57 3 62 46 69 84 54 66 65 68 43 29 30 85 49 34 10 91 46 98 28 29 28 64 40 4 48 15 97 97 84 24 57 51 21 98 97 61 31 30 67 18 31 44 27 42 17 54 15 17 50 78 84 71 88 73 43 95 26 8
18 80 8 6 26 68 51 57 26 60 81 31 18 100 57 80 96 64 46 55 8 4 35 17 53 41 20 17 40 93 48 78 100 79 83 91 50 76 38 57 56 53 42 50 50 61 86 48 39 6 92 26 78 41 91 68 29 49 45 12 36 55 14 26 9 2 97 58 23 59 6 28 31 36 61 77 75 59 13 20 31 19 4 65 45 12 80 2 45 32 2 78 29 26 16 26 46 93 91 78
23 92 9 43 19 52 33 90 68 46 81 74 60 43 73 42 80 11 85 17 9 23 5 69 20 41 60 24 39 11 49 95 76 1 18 97 42 37 7 26 7 29 16 91 53 62 79 4 15 53 27 9 59 99 9 86 26 95 94 66 8 66 27 38 58 99 21 66 87 67 17 13 95 44 8 11 42 98 32 61 81 26 40 49 100 30 88 5 59 39 98 55 72 27 4 54 58 79 28 48
56 88 68 12 73 16 24 96 2 59 94 57 7 58 18 71 64 100 79 34 97 5 25 88 29 23 55 13 38 68 68 60 74 93 92 20 80 78 35 65 3 15 98 9 30 75 83 93 41 24 74 46 72 39 78 67 75 16 59 40 50 9 1 30 35 89 37 73 45 9 76 47 87 8 9 29 17 69 53 23 5 23 21 12 11 48 93 22 2 75 60 85 41 43 71 37 65 28 69 25
10 31 34 98 31 9 8 7 50 49 88 79 11 42 80 2 85 96 32 20 51 35 18 35 96 53 23 52 40 32 22 91 59 22 96 37 49 64 92 36 95 100 54 72 65 74 94 38 37 10 1 2 60 4 15 19 69 46 10 60 19 28 6 96 61 69 71 84 12 100 19 38 1 7 69 16 46 37 22 17 100 38 3 36 2 49 30 36 85 3 4 42 16 85 98 17 22 17 34 50
68 48 43 42 86 94 8 21 59 66 69 73 63 29 14 42 93 25 76 45 31 39 55 88 77 63 30 25 90 50 24 81 47 27 73 87 82 15 48 43 17 8 44 45 35 86 82 35 24 28 20 44 12 27 42 93 90 54 18 7 22 98 72 59 38 39 33 55 99 49 51 52 21 71 92 45 32 27 8 42 57 12 9 98 2 91 95 96 56 52 9 79 38 14 93 27 1 62 30 97
72 29 66 7 42 79 7 3 14 21 16 31 48 49 76 52 8 10 32 33 20 92 53 24 39 29 60 30 100 78 28 98 14 50 85 5 26 54 85 2 75 2 8 32 98 74 19 45 49 81 17 17 24 32 51 91 65 60 58 60 33 40 85 39 94 33 42 28 72 37 9 54 94 89 59 30 34 8 34 75 93 62 96 76 73 82 39 25 82 24 85 29 66 16 44 15 36 86 92 51
8 43 94 14 61 51 72 85 80 5 65 24 32 63 88 23 54 2 44 99 12 22 28 88 73 12 22 47 64 51 93 64 32 82 97 62 13 45 85 76 15 7 3 41 45 15 34 85 85 14 39 6 70 47 15 2 71 66 73 8 60 72 83 87 2 71 35 29 19 62 73 99 40 96 44 41 93 4 51 73 49 74 41 83 76 25 99 57 11 24 46 89 51 34 51 79 60 49 20 63
74 62 36 6 54 99 82 50 59 5 6 88 3 38 76 60 91 65 78 8 54 57 40 52 19 17 45 95 42 35 34 39 80 4 33 54 31 99 43 98 22 6 30 78 77 31 88 15 50 52 31 45 4 47 91 43 25 68 25 82 42 71 60 28 93 40 87 53 6 78 32 53 38 32 44 21 88 57 97 10 4 70 41 86 6 99 38 77 97 72 40 43 68 13 71 87 7 31 61 22
19 8 63 52 80 19 42 57 100 56 66 32 84 74 43 80 63 79 79 64 82 82 44 36 74 27 53 46 26 87 12 90 65 97 99 99 50 53 18 85 60 5 96 79 18 43 77 92 8 93 23 54 79 25 64 98 3 66 24 16 28 65 77 5 67 32 34 90 26 9 34 88 45 47 69 6 82 20 36 41 7 49 60 71 66 28 77 13 5 5 40 51 72 31 21 17 27 34 51 100
42 43 98 89 74 5 62 7 77 86 14 36 58 8 20 20 85 71 13 26 91 78 73 93 6 92 1 55 54 29 25 90 82 64 52 85 95 2 18 53 42 7 4 5 34 48 22 55 64 77 53 31 96 94 82 6 7 33 77 9 93 48 68 94 14 59 32 32 11 76 62 64 38 26 35 80 44 21 29 24 49 52 38 96 59 75 5 39 6 21 51 26 19 25 6 93 15 72 30 59
29 43 72 1 22 41 1 38 100 12 14 62 8 58 72 43 30 4 60 51 70 95 56 3 48 89 25 81 76 34 100 6 77 70 8 44 57 17 8 51 8 63 45 5 34 92 5 60 49 74 9 79 91 70 98 84 97 80 71 82 11 35 4 29 57 88 80 4 9 82 8 47 10 24 77 7 79 65 11 7 52 55 41 77 34 45 6 23 78 68 60 5 61 71 79 30 32 87 9 45

30 89 88 97 19 22 42 78 82 82 54 29 63 84 99 47 3 56 42 49 86 37 30 75 39 21 30 56 35 80 85 50 74 99 11 48 20 99 12 94 4 35 95 3 24 60 30 94 91 38 41 38 54 84 7 36 77 58 20 17 92 48 61 23 58 96 50 6 45 82 93 97 52 71 53 76 8 27 38 84 46 30 35 88 13 90 63 83 46 24 55 45 71 86 96 37 35 38 44 18
27 51 14 58 46 84 73 42 38 94 12 65 58 8 34 67 5 62 71 9 11 71 45 55 63 39 30 20 66 87 23 38 90 3 90 6 11 86 16 75 18 99 76 26 64 41 17 32 54 5 25 95 9 33 99 10 35 73 6 20 86 65 57 91 58 16 60 21 92 67 15 89 32 51 82 44 15 94 9 19 27 54 31 60 5 60 91 52 49 48 80 22 82 20 1 28 28 67 20 41
69 59 21 56 57 10 81 71 61 35 71 3 55 50 68 47 85 62 59 21 10 23 9 50 62 84 64 82 42 87 25 79 89 34 63 73 38 45 84 58 47 65 15 10 22 64 13 2 34 70 22 91 73 54 99 31 24 37 75 33 20 86 91 5 86 82 71 52 37 59 1 49 18 62 81 42 50 88 67 85 19 79 92 21 53 73 5 95 93 21 55 29 90 49 15 62 75 30 15 63
70 28 78 5 49 51 97 10 72 85 57 54 92 66 33 79 32 8 47 44 84 16 12 69 11 50 42 36 65 43 38 27 6 34 83 28 84 42 83 58 26 68 62 60 43 68 5 31 44 100 29 69 93 99 39 3 12 55 27 55 61 75 9 42 9 30 3 79 41 60 36 91 29 55 47 89 99 71 9 52 60 6 22 70 11 1 14 30 64 22 23 84 3 19 12 98 7 52 63 68
7 81 64 38 22 73 36 34 99 12 95 39 32 36 61 68 57 96 14 77 91 18 42 34 36 80 69 55 67 75 79 72 54 33 87 28 84 93 51 82 56 32 37 85 41 39 44 100 72 94 85 12 13 54 24 24 92 32 47 3 68 43 21 91 49 58 33 43 83 72 50 1 89 32 35 10 36 68 28 53 19 9 37 92 27 57 5 84 100 90 62 100 15 58 30 41 23 96 56 5
50 79 41 22 90 53 25 23 90 88 33 20 89 82 7 21 50 19 78 74 67 19 70 84 42 54 10 5 99 95 57 16 91 82 44 92 64 33 40 93 15 60 78 98 95 45 2 31 8 41 49 62 20 73 22 14 18 11 43 70 87 25 17 74 77 100 13 61 78 15 64 48 26 76 70 79 8 55 61 6 16 43 10 16 3 99 65 65 96 92 16 74 67 42 5 62 51 9 16 66
76 1 40 30 2 7 96 98 30 86 77 79 88 76 11 86 16 83 14 89 21 9 69 13 87 35 71 50 9 13 26 74 96 93 7 11 100 76 17 39 61 9 69 52 29 8 4 69 56 60 9 97 55 49 12 93 28 99 12 46 77 68 35 74 58 47 43 53 79 77 34 59 12 93 65 33 46 99 91 52 13 11 57 41 98 57 28 18 63 29 34 66 33 63 7 36 89 58 32 22
12 82 80 34 87 25 100 59 91 34 82 64 61 41 52 11 44 31 62 53 24 7 52 30 2 50 52 41 45 20 59 85 16 50 62 21 22 37 79 25 24 91 89 95 60 96 69 1 77 17 66 16 49 2 59 17 27 23 57 60 90 11 87 54 85 78 57 62 43 99 44 10 61 47 61 87 74 94 51 82 21 32 30 81 69 43 58 58 62 35 8 99 48 3 81 12 41 100 41 91
75 44 73 97 33 62 100 68 99 71 93 52 90 63 29 34 5 82 23 92 97 65 69 40 99 16 62 76 65 89 41 72 73 13 57 15 80 53 97 29 69 32 52 63 66 42 80 80 99 28 72 87 2 35 77 44 13 15 84 17 59 55 69 74 20 50 83 56 3 97 87 80 34 9 16 39 35 77 45 24 9 83 5 50 51 32 46 11 94 54 83 58 98 82 74 5 74 22 75 38
62 94 72 33 69 4 49 70 56 65 82 93 53 34 5 45 76 53 97 56 4 91 78 42 20 81 67 20 64 28 48 23 47 28 3 65 28 94 46 53 42 37 45 89 6 76 19 35 8 85 40 59 94 9 11 25 96 98 17 69 82 13 90 85 16 74 69 60 73 64 74 54 29 14 81 28 11 27 90 69 78 64 62 83 90 26 1 86 93 6 60 36 94 41 34 99 12 64 94 95
5 23 77 98 3 12 43 17 99 78 54 32 9 88 5 90 44 23 26 83 88 89 24 11 67 9 11 100 78 15 56 69 10 96 88 28 54 88 45 75 72 60 70 7 9 29 50 4 8 97 1 22 81 25 64 42 86 52 44 39 66 8 61 54 71 75 90 91 96 23 15 47 5 95 56 74 6 81 14 41 93 55 31 9 100 88 1 2 45 38 61 71 42 55 20 87 21 8 20 67
92 95 76 51 89 65 47 13 79 92 55 59 55 60 8 20 93 76 37 92 47 94 6 38 60 13 61 20 52 34 66 54 26 63 67 74 10 80 93 52 18 99 74 54 11 80 73 49 36 35 90 76 6 46 87 52 63 19 45 48 5 51 96 31 32 84 55 45 20 22 1 85 6 72 92 70 59 52 66 81 85 54 62 10 8 2 91 86 33 48 19 47 34 63 18 70 21 96 78 96
33 90 91 66 84 23 33 89 24 17 90 15 77 3 23 77 8 39 29 74 53 49 97 32 26 13 95 93 2 27 58 68 49 36 75 91 17 29 30 3 62 35 56 68 31 29 35 29 78 52 68 43 50 80 14 73 63 22 53 52 70 75 34 45 13 97 39 37 92 67 30 1 38 94 11 78 80 92 55 42 67 77 49 75 69 45 2 39 23 61 2 80 96 86 10 11 42 51 89 97
45 63 100 29 4 76 100 23 37 94 49 51 70 74 26 85 65 14 82 64 23 6 72 77 82 81 36 61 85 14 27 87 25 29 86 93 1 54 7 26 29 34 20 69 27 44 74 22 46 58 33 10 6 63 59 22 83 21 6 69 93 46 3 69 31 33 20 25 24 23 89 12 7 56 12 34 67 48 40 91 41 42 17 97 52 46 25 15 23 2 40 90 74 36 82 37 39 76 33 46
14 9 84 73 60 56 45 53 6 63 9 64 29 81 72 45 43 42 82 11 54 50 83 78 77 5 78 37 27 31 66 78 39 94 41 44 99 31 77 63 100 9 94 63 18 89 100 90 41 52 73 22 9 61 76 11 43 87 39 96 31 61 86 7 15 32 92 45 20 36 9 12 62 16 59 62 69 99 6 71 100 23 98 38 42 11 9 75 36 85 2 36 92 65 7 22 62 88 11 11
2 32 63 57 26 47 58 70 49 34 60 94 23 90 87 98 45 33 21 66 92 40 28 75 52 4 53 88 57 58 88 39 30 23 89 76 88 39 27 98 74 46 20 67 15 10 65 23 96 20 78 9 97 52 36 19 24 77 68 17 96 45 64 26 91 67 12 41 92 85 27 35 99 23 74 91 87 62 84 69 49 14 66 50 58 45 66 67 84 64 20 84 87 17 45 65 27 6 88 22
25 11 16 63 27 29 71 38 16 36 54 97 78 21 10 27 98 70 13 68 52 98 6 4 65 53 74 65 81 14 38 54 35 64 38 53 3 58 84 38 25 95 57 45 5 95 77 17 35 56 48 67 44 54 48 82 60 65 61 37 6 69 76 57 69 65 83 93 30 64 63 48 83 38 37 12 50 69 83 57 1 65 45 50 27 80 12 46 55 3 8 76 34 21 74 8 84 25 47 70
82 27 9 41 69 30 29 68 68 62 73 30 40 19 78 59 93 51 5 78 41 73 62 36 15 66 16 97 52 16 41 34 74 47 37 63 28 52 8 66 37 80 17 46 71 46 57 3 8 33 95 51 96 82 25 45 20 51 70 68 91 33 48 31 21 94 86 81 32 40 82 11 26 13 87 14 5 46 67 6 1 2 5 93 44 56 24 35 56 67 65 31 75 40 83 43 93 26 54 33
87 23 51 46 14 2 87 15 1 91 6 84 68 4 1 97 67 77 67 56 72 75 59 38 39 8 65 74 56 17 63 82 93 6 65 42 100 83 49 91 67 69 92 42 13 68 27 92 94 65 10 66 11 62 53 17 33 34 69 34 19 35 97 56 55 48 86 80 71 42 48 82 35 44 95 33 62 2 65 80 34 60 9 95 48 19 7 92 22 44 50 30 8 28 36 73 52 44 8 5
88 34 95 25 66 50 77 39 68 16 29 13 63 56 53 16 84 35 79 6 9 23 65 91 18 76 87 2 3 85 54 27 14 5 29 87 49 53 35 96 80 9 61 80 97 74 24 80 95 2 17 75 57 42 78 44 99 47 53 32 60 4 79 2 5 58 34 25 91 61 92 3 53 18 11 82 20 33 30 54 59 66 92 59 74 3 25 53 62 27 95 17 51 39 33 45 75 24 1 83
30 35 82 91 5 13 51 88 65 31 86 40 48 98 27 13 35 68 34 2 59 55 41 12 22 13 20 44 41 21 26 47 73 32 89 13 22 30 1 99 91 44 75 36 43 38 60 47 79 74 71 99 23 97 87 26 91 27 69 89 43 25 35 11 15 15 100 14 18 75 32 40 28 4 97 96 88 12 99 45 75 24 31 76 15 59 47 6 70 20 85 22 33 23 18 6 67 17 56 75
36 61 60 20 73 50 62 43 94 67 87 97 56 23 37 65 60 22 77 62 10 75 39 50 18 84 24 75 96 89 82 26 44 85 88 99 92 89 83 46 5 88 25 32 13 34 41 85 61 72 25 64 66 87 79 51 28 11 99 47 93 61 2 33 42 89 66 51 78 80 16 48 75 57 46 46 81 18 28 90 23 87 66 39 4 52 89 92 42 14 24 22 22 95 88 94 10 46 78 48
49 84 97 87 59 100 59 59 69 45 14 78 38 95 6 90 100 77 32 90 3 99 65 67 13 11 89 31 33 20 54 52 43 96 70 34 57 4 48 27 96 93 41 17 79 66 18 100 86 46 52 96 56 49 22 12 41 60 20 1 82 17 25 57 37 100 58 4 94 66 17 39 14 48 32 84 13 4 95 40 5 25 55 22 26 88 54 63 84 46 32 28 25 79 44 32 74 5 45 23
44 71 22 41 64 65 92 77 63 4 55 34 20 83 58 26 38 6 50 59 35 85 93 1 16 82 91 96 44 88 23 85 47 100 59 21 57 78 62 54 90 96 37 93 87 70 100 44 48 20 22 76 18 93 79 6 94 46 76 95 23 55 51 74 12 55 31 71 25 15 64 73 40 6 84 33 65 93 59 71 36 65 62 41 13 16 42 50 90 28 29 40 24 14 99 13 88 76 36 86
7 71 6 90 91 12 43 59 95 22 67 57 24 67 57 98 19 100 91 84 30 80 28 74 23 5 30 49 28 51 8 16 33 74 82 43 93 88 9 76 33 95 87 30 12 23 37 13 67 85 41 8 26 27 6 64 59 84 71 94 8 85 96 64 3 31 1 39 21 40 11 29 45 74 70 99 35 52 35 33 83 20 25 90 97 6 54 15 57 16 38 10 5 3 60 39 92 96 12 95
33 64 80 33 77 53 56 90 61 18 82 69 94 94 48 66 32 37 82 70 55 65 41 24 47 64 98 43 10 6 84 20 79 30 60 66 21 9 11 51 52 65 71 15 70 53 77 22 17 40 18 92 91 93 65 21 96 9 15 72 56 91 82 84 64 7 9 77 46 14 16 26 78 54 80 62 34 83 51 45 51 49 63 89 74 15 74 71 35 13 99 9 83 84 58 1 50 97 55 14
30 70 35 35 19 58 79 31 52 87 65 95 76 1 48 11 88 27 47 11 86 47 66 99 41 7 88 39 74 64 8 11 86 84 47 4 44 10 69 65 49 21 3 77 24 12 11 60 78 12 16 91 31 41 79 53 6 42 68 51 70 95 88 33 53 91 89 92 61 60 92 66 19 91 85 50 31 46 100 70 58 16 60 40 83 24 54 81 16 42 100 24 44 66 2 57 88 53 20 43
79 65 87 25 75 37 43 85 48 29 23 78 81 34 34 62 17 85 91 16 96 98 48 86 8 74 10 12 7 30 3 98 57 21 31 53 72 41 94 81 84 24 21 86 28 10 54 33 96 66 34 95 68 47 88 16 84 22 9 96 43 60 59 26 5 83 21 68 95 32 89 56 45 98 3 76 29 90 36 82 76 5 67 70 87 48 2 98 52 37 65 93 20 26 29 26 95 31 12 59
32 55 53 8 2 22 82 72 37 9 38 19 35 62 90 49 27 54 49 57 2 1 78 13 86 20 32 16 91 37 67 64 25 63 91 34 85 37 77 8 15 35 87 18 36 12 75 61 2 68 48 55 28 1 52 8 12 24 50 68 15 82 59 2 76 55 6 23 65 18 80 22 98 22 7 81 48 91 75 77 18 40 23 81 84 14 48 26 79 99 27 4 17 95 31 52 68 43 46 85
95 8 28 73 53 73 18 87 49 43 73 60 78 15 57 61 58 6 20 63 38 27 57 57 81 72 85 23 92 54 9 59 86 39 52 65 23 36 1 23 33 38 87 8 46 19 15 3 90 79 43 59 18 9 14 88 68 18 38 88 74 75 30 52 91 47 36 16 9 37 9 18 1 49 13 26 22 83 18 31 7 68 93 15 59 40 8 90 48 56 82 99 38 96 56 36 80 71 82 32
7 32 17 30 5 12 47 46 10 36 63 43 50 30 63 97 35 13 31 46 98 56 5 84 84 58 73 30 2 27 77 87 8 34 3 84 62 98 5 3 66 26 65 23 21 36 91 85 24 52 98 64 38 5 75 38 25 16 73 63 17 65 57 93 36 30 53 20 16 35 68 78 47 94 75 90 68 54 34 63 43 80 68 22 10 68 29 89 24 58 28 85 85 45 13 39 84 15 56 51
62 64 30 12 45 86 89 46 53 54 62 59 12 54 77 8 69 68 55 76 54 59 31 65 23 21 84 63 24 44 97 56 13 81 35 84 29 29 52 75 8 1 5 65 62 71 82 20 42 91 27 33 4 95 38 31 46 96 95 81 53 19 65 57 33 11 73 92 99 26 92 65 51 59 31 21 10 13 54 57 68 12 38 85 43 46 50 17 74 39 46 5 43 28 14 43 88 77 67 22
85 10 85 82 33 74 70 93 67 82 5 52 33 92 8 13 60 67 65 73 94 36 18 52 83 81 94 65 69 54 2 95 12 33 48 75 3 86 35 47 77 76 11 87 48 96 43 78 90 32 85 89 37 72 24 12 15 85 83 60 45 4 28 75 23 68 19 50 73 97 16 60 86 87 2 21 43 69 94 88 24 97 47 7 77 75 66 68 1 39 91 90 7 85 84 23 83 61 96 67
76 68 23 14 69 78 51 12 72 69 88 52 32 99 92 75 89 36 36 34 39 4 17 100 32 9 50 23 92 40 12 22 68 12 71 78 4 99 98 68 67 24 67 45 56 61 47 96 80 17 90 24 72 83 100 85 27 92 10 49 44 24 9 2 91 84 33 84 11 35 97 61 100 3 60 78 35 59 65 40 33 57 38 75 90 24 85 87 24 90 54 21 43 21 76 29 2 66 6 47
67 44 33 74 81 76 83 13 50 65 9 54 17 49 54 96 91 20 71 45 56 78 80 34 38 45 65 89 40 99 88 50 82 68 67 49 97 77 17 19 32 71 20 76 68 90 73 78 98 57 38 67 79 64 74 47 94 80 34 27 28 77 5 65 83 68 44 59 74 95 26 16 7 14 38 56 47 15 72 17 4 7 49 40 13 82 59 88 94 13 42 67 81 53 30 51 62 54 95 81
98 43 62 37 82 77 54 51 40 12 57 79 98 2 31 35 72 21 49 16 43 11 45 100 60 74 40 4 49 22 67 44 32 97 99 79 33 21 96 34 41 78 47 52 14 54 56 90 49 51 4 10 89 88 69 96 37 100 92 13 13 79 93 46 33 22 53 36 98 23 40 21 33 83 33 16 8 50 12 46 45 30 38 5 9 11 18 5 3 54 85 81 86 36 68 69 48 3 51 51
57 47 28 92 14 83 15 78 21 67 69 78 52 54 13 20 95 30 44 35 75 79 48 80 48 57 80 2 22 45 83 68 2 17 69 38 25 98 82 41 7 9 39 87 5 17 72 15 16 3 10 87 22 44 73 14 30 66 95 88 77 51 72 88 56 95 75 62 3 88 15 24 47 94 10 66 59 14 18 23 38 6 96 90 94 79 29 86 23 12 4 51 50 6 86 73 50 38 31 37
61 39 46 54 71 32 71 44 70 97 55 60 84 23 50 14 49 20 7 60 57 91 93 1 53 65 9 14 56 86 35 3 3 25 9 87 30 5 67 13 48 50 66 30 5 21 37 76 10 84 34 4 80 9 97 98 29 95 53 95 34 56 39 8 89 40 27 92 56 14 91 54 36 36 23 23 74 87 64 6 88 18 34 93 23 56 97 22 98 18 82 50 55 41 35 47 87 5 43 78
42 51 73 19 49 16 1 26 47 88 85 16 45 17 20 80 64 40 14 35 77 59 96 36 63 26 92 28 86 98 21 36 49 99 38 88 11 26 2 38 21 56 67 13 8 10 5 3 27 13 7 17 67 17 12 20 48 36 34 99 21 53 37 54 80 79 47 15 94 65 96 83 32 53 87 69 75 85 22 60 91 97 35 4 3 20 82 69 41 66 68 68 22 24 48 7 45 26 50 56
75 72 96 60 77 63 27 24 64 35 68 88 86 59 17 80 93 97 65 93 27 86 77 34 58 78 56 38 29 6 52 62 60 53 77 75 81 67 13 24 54 80 29 41 73 73 37 91 10 61 26 26 85 96 14 27 38 71 54 36 6 51 40 1 11 89 77 60 68 65 44 44 16 36 57 100 41 66 16 12 34 62 16 55 37 91 23 83 84 50 27 12 9 38 4 85 38 95 9 57
44 83 88 74 75 79 41 66 76 2 63 5 62 79 53 88 74 93 88 40 15 53 29 95 59 16 25 37 23 9 54 1 23 91 30 70 90 71 41 34 54 81 77 85 3 64 73 23 3 22 61 47 57 9 26 57 67 89 63 59 81 97 43 61 56 74 12 42 16 25 80 82 10 60 31 55 47 15 93 57 49 73 94 66 82 8 81 55 60 58 12 45 67 6 67 39 33 32 89 52
77 73 52 4 37 8 50 17 13 75 23 68 50 88 10 87 5 16 75 24 95 64 27 71 84 18 83 20 14 29 98 1 100 85 67 90 63 66 38 79 45 68 78 1 30 15 59 52 69 92 44 97 58 22 13 72 15 88 91 97 86 30 7 78 40 6 59 76 88 55 42 35 76 63 69 53 68 5 86 18 58 52 14 35 99 43 21 13 28 76 87 24 78 36 6 59 26 35 69 99
34 54 81 96 79 20 10 99 49 81 51 78 53 3 50 89 87 80 49 27 77 24 3 92 98 89 89 30 15 48 64 100 100 48 2 92 27 82 31 84 96 1 70 10 86 89 73 33 88 97 28 48 27 66 90 37 10 6 32 55 92 42 39 27 83 94 34 10 59 37 63 97 13 97 13 86 51 11 59 90 88 24 84 74 31 72 13 92 58 85 17 77 28 6 21 90 79 33 7 41
27 45 16 32 33 43 93 99 50 69 34 33 48 24 98 59 52 39 40 52 66 50 94 55 98 9 3 16 3 6 24 53 76 15 89 17 60 79 49 7 35 88 59 12 39 28 87 6 90 48 94 40 82 36 62 20 67 62 82 70 66 42 73 22 17 34 92 94 47 71 32 52 79 31 95 3 75 68 73 22 88 92 97 29 92 19 88 99 93 52 15 87 4 79 76 34 37 68 87 47
25 38 99 86 54 45 37 21 55 1 33 66 44 17 24 7 83 5 73 100 82 89 89 22 47 89 41 22 62 36 42 96 88 94 13 50 38 61 31 79 48 48 77 33 21 18 1 52 33 19 11 58 30 4 70 9 23 47 2 49 14 45 99 66 2 97 43 100 98 62 45 27 95 30 73 57 81 24 22 19 44 62 70 19 27 48 52 29 40 61 23 34 30 43 70 17 79 29 21 97
84 27 89 94 32 62 99 12 15 38 29 25 22 51 38 5 44 29 29 97 86 78 15 34 72 30 36 65 9 38 67 78 75 75 48 41 63 62 94 18 99 21 1 6 58 40 62 32 31 58 48 54 14 69 9 2 29 64 83 81 75 45 23 53 95 62 59 58 6 82 18 46 53 31 4 6 61 47 36 16 53 67 29 53 74 23 14 92 21 100 17 9 59 96 13 2 12 56 33 47
16 93 97 13 12 67 17 48 18 10 27 90 90 24 80 43 58 98 15 53 12 20 66 47 97 56 65 36 2 41 50 87 28 92 62 94 46 98 40 9 79 65 32 10 2 52 83 75 30 92 68 70 81 70 27 91 87 37 100 4 77 39 49 18 68 68 21 62 77 83 4 43 55 59 74 40 58 63 41 86 66 5 96 97 54 71 81 49 85 92 42 4 31 89 56 7 44 26 65 99
84 19 78 79 96 11 71 52 77 2 81 84 33 86 24 69 17 59 42 95 28 92 13 86 70 72 35 82 16 46 17 24 65 17 5 71 51 52 25 59 8 39 73 1 14 27 65 93 87 16 38 86 53 30 36 73 34 72 70 5 18 55 96 67 23 5 2 22 18 63 67 38 13 18 68 27 92 48 60 13 6 9 4 17 1 67 44 89 90 89 51 6 40 70 50 92 13 78 83 1
82 61 36 87 19 16 69 95 46 38 94 86 92 24 65 20 48 36 9 36 91 97 60 39 55 72 94 77 89 52 68 49 70 58 69 40 94 17 72 55 18 85 89 8 91 91 46 59 90 36 81 98 39 44 30 10 41 50 11 23 10 53 100 4 50 48 93 95 100 59 51 42 89 65 22 78 18 98 8 58 53 46 87 98 82 89 17 39 52 34 76 17 15 1 36 51 88 22 66 38
80 72 17 95 67 65 64 83 25 54 50 6 16 11 79 8 50 91 21 68 13 74 22 73 90 14 80 40 62 53 97 68 46 49 14 21 47 48 47 78 6 17 81 85 44 92 5 12 81 36 35 38 2 83 87 12 78 4 10 29 80 24 89 47 54 22 13 7 2 55 94 6 82 71 55 10 91 48 81 89 40 69 37 59 51 31 69 12 54 44 6 52 17 95 33 85 82 20 5 14
41 2 73 68 63 52 2 97 62 82 92 39 3 80 7 33 33 52 70 40 23 67 99 66 34 37 38 85 60 20 99 19 78 78 62 55 15 7 29 50 57 12 41 17 100 47 83 59 36 10 31 80 32 53 64 10 54 71 14 64 57 3 34 7 67 35 69 22 30 97 6 90 14 8 64 92 72 48 10 77 89 45 37 4 11 34 1 23 28 45 54 53 16 36 26 5 28 31 38 48
44 22 72 3 41 61 21 5 66 33 59 37 81 32 27 39 25 11 12 9 86 30 60 15 72 65 65 46 88 86 87 3 48 30 72 42 15 11 33 99 52 6 9 55 58 57 82 39 33 83 70 49 34 17 53 59 85 11 77 74 90 28 13 29 28 19 80 78 75 60 65 90 25 6 42 65 78 33 55 92 71 58 56 96 21 87 20 80 96 1 19 86 9 3 57 33 14 40 81 57
11 87 58 76 38 20 98 19 93 53 48 3 46 35 4 29 77 73 56 16 72 87 64 54 8 95 95 9 12 70 51 64 60 28 48 16 1 52 76 43 62 13 27 66 76 19 93 61 79 1 4 51 89 46 33 32 40 100 19 32 96 80 44 51 49 29 38 96 15 86 74 96 11 37 18 69 19 17 6 57 52 71 79 69 35 60 87 90 11 98 53 62 35 73 65 98 81 45 53 30
19 80 67 48 44 29 78 67 3 14 80 88 77 45 42 50 32 74 71 90 55 47 13 96 79 50 73 98 50 74 39 86 53 49 84 64 61 14 84 18 37 49 29 64 77 60 8 7 15 55 84 22 45 53 27 60 7 25 77 47 15 68 66 11 66 28 92 55 28 8 30 18 51 48 44 71 87 95 43 50 45 68 24 93 71 57 97 1 49 59 75 94 22 73 40 91 90 13 44 8
15 8 52 56 8 16 53 56 4 2 90 17 96 94 46 27 21 97 60 32 2 65 31 84 86 96 50 62 38 91 20 28 44 29 40 17 35 73 30 70 99 10 20 68 32 3 14 44 25 28 82 26 64 59 61 95 56 11 66 54 40 65 27 89 59 58 67 82 89 63 41 27 39 22 16 79 61 91 26 61 63 41 74 84 66 69 65 57 5 52 62 91 16 23 45 32 78 8 89 55
15 20 54 65 90 53 24 33 5 54 57 88 5 64 47 51 30 19 39 98 65 74 94 30 82 81 4 16 6 32 15 52 93 58 13 92 28 83 66 58 66 55 18 34 71 49 7 69 16 75 24 43 53 14 36 39 96 24 91 87 25 63 6 26 11 71 12 69 82 31 70 88 98 58 1 56 51 32 4 40 28 56 2 28 14 16 62 42 87 78 95 96 62 93 27 33 82 12 22 61
3 5 19 9 41 1 84 16 42 94 54 62 72 99 93 47 32 58 2 2 32 88 18 62 90 97 67 6 41 85 43 63 18 8 4 41 61 58 76 73 66 80 25 51 26 31 53 12 35 69 23 30 47 42 11 97 89 77 61 69 24 37 96 12 47 87 78 36 66 74 30 38 52 54 36 71 97 47 38 79 11 69 60 89 56 30 72 42 26 92 53 6 55 81 91 43 24 48 90 34
9 10 83 91 62 91 21 49 2 81 21 41 87 62 16 21 48 31 21 69 97 62 73 35 95 62 86 42 99 54 27 80 2 2 13 82 67 49 43 14 50 66 16 29 85 2 87 54 4 63 74 6 74 51 99 99 2 46 66 30 48 63 64 45 39 59 49 88 1 82 6 66 64 25 50 44 22 49 36 81 7 84 5 42 30 43 45 81 54 70 10 100 7 46 51 88 70 3 98 12
92 76 60 88 96 36 39 56 72 15 7 65 86 71 73 36 100 98 28 3 82 94 45 4 79 27 34 15 4 98 58 52 63 93 82 48 34 52 37 20 40 34 20 69 75 60 16 61 62 50 12 47 61 49 17 100 69 75 94 77 4 67 65 45 33 35 1 20 67 28 15 23 99 2 69 4 65 42 57 97 74 80 11 64 78 26 70 18 17 29 53 22 80 89 19 100 5 68 28 67
37 48 39 92 72 25 90 52 67 72 44 81 24 19 5 96 97 98 25 36 75 27 10 5 83 50 90 60 90 33 86 25 17 4 88 56 79 8 88 3 84 39 16 34 87 97 47 84 47 88 38 77 19 47 85 23 43 31 64 23 64 99 63 98 99 66 7 33 99 79 82 40 77 53 35 52 15 76 8 87 23 33 61 97 71 29 1 57 74 92 42 92 100 9 73 35 23 100 93 48
10 55 52 9 61 35 55 17 86 62 95 56 77 59 77 48 16 26 53 89 57 15 8 92 24 34 39 68 75 92 60 94 56 28 1 45 16 42 75 39 79 33 15 79 61 74 49 96 63 36 100 93 79 73 13 87 67 18 20 11 72 7 99 3 24 65 54 85 77 99 58 85 91 94 36 94 36 51 6 19 21 18 58 40 43 81 27 74 67 55 98 33 39 40 2 21 68 16 31 76
9 80 45 95 51 13 78 97 97 36 87 71 62 24 96 7 28 72 94 75 52 94 61 13 85 32 81 31 42 4 75 96 70 67 11 64 92 96 83 54 45 82 58 67 51 98 6 30 8 51 23 12 33 72 9 38 20 1 56 89 26 81 30 51 64 40 55 67 68 43 18 30 23 51 64 2 30 7 8 32 25 40 23 33 56 31 29 71 19 31 99 18 75 60 48 61 80 29 11 81
37 98 70 26 83 54 68 85 12 39 25 62 98 22 92 49 20 88 16 57 65 4 25 78 65 14 98 24 6 53 26 29 92 30 100 62 59 3 80 91 87 1 56 19 41 51 42 76 93 19 51 19 66 73 19 16 53 27 12 13 80 38 96 96 41 48 100 51 64 42 31 30 48 70 42 88 98 95 38 11 56 23 78 93 46 48 88 49 1 90 9 45 86 28 49 59 79 25 69 9
60 57 13 78 52 63 28 51 15 27 75 56 32 41 31 60 81 8 24 36 48 88 92 87 81 27 12 99 39 55 95 99 12 23 62 41 8 59 64 63 78 99 23 70 47 97 26 12 39 8 35 4 5 77 8 5 80 67 17 95 2 5 15 90 12 54 10 41 5 32 49 72 3 13 67 88 12 81 79 61 96 36 56 68 99 38 89 93 62 46 78 82 19 36 99 53 18 68 33 46
18 10 15 63 97 84 15 69 66 61 23 2 10 6 44 6 87 4 27 26 88 6 98 27 68 23 33 61 71 13 89 17 53 56 25 81 13 49 25 65 56 60 17 39 44 96 6 88 75 31 23 30 65 45 8 53 74 81 37 5 51 5 93 33 81 5 100 98 4 81 86 5 29 44 92 19 68 61 32 70 73 93 40 17 32 62 27 87 7 50 86 8 20 92 93 5 32 17 30 89
52 34 48 38 60 76 40 58 75 18 10 54 7 90 18 42 30 89 60 69 93 57 78 99 18 11 49 70 41 76 32 30 30 59 49 47 59 46 89 26 54 12 72 44 8 31 12 59 97 33 80 38 20 65 96 6 24 49 99 66 58 23 36 54 42 25 93 34 17 52 45 35 53 46 46 56 28 90 30 22 55 59 17 25 33 85 47 20 66 60 75 44 28 18 63 27 2 22 28 10
2 70 43 82 97 17 84 10 3 92 88 56 23 24 97 90 22 19 85 81 73 2 56 43 72 52 36 39 98 73 52 40 90 47 89 21 24 64 23 43 32 31 8 68 23 38 24 25 17 29 56 16 7 27 76 53 45 63 86 73 12 53 1 62 91 82 22 71 93 79 89 56 50 77 57 6 62 53 75 30 66 62 78 79 20 23 55 1 58 39 52 21 19 58 28 42 6 14 23 20
75 51 27 78 82 44 81 2 49 86 16 88 14 79 85 52 12 77 98 71 38 90 5 25 96 98 64 95 67 54 36 35 25 48 33 64 76 30 25 3 82 72 15 87 46 18 3 89 97 11 99 6 90 91 78 55 25 17 4 36 38 25 52 6 97 76 33 29 22 53 5 81 38 73 27 64 22 51 11 61 21 6 59 51 19 2 48 70 27 5 86 43 82 78 8 43 75 37 71 38
76 53 86 96 90 93 76 76 72 89 46 32 71 4 23 14 54 36 60 42 85 15 46 91 69 97 16 97 3 59 9 32 43 99 78 53 41 75 42 96 25 89 33 63 54 6 1 12 24 48 47 82 22 7 3 42 76 67 27 23 94 79 22 64 67 17 12 18 31 58 33 45 80 65 50 97 71 31 100 57 65 72 31 60 96 20 80 4 95 96 80 26 97 97 6 15 98 9 51 60
90 50 11 13 21 33 7 23 25 2 93 26 55 17 30 54 14 91 72 44 35 73 47 14 21 37 9 21 49 54 95 87 99 48 92 49 77 52 72 65 51 74 8 83 52 9 87 91 21 42 28 19 61 34 69 12 93 94 27 13 82 60 21 30 29 9 31 96 83 68 34 18 99 42 59 3 94 88 45 70 91 53 38 54 4 79 1 11 9 3 5 33 64 80 59 44 14 76 8 98
80 83 68 2 73 73 3 52 34 38 61 86 59 60 14 96 57 84 12 61 18 78 11 94 15 21 39 100 82 10 19 28 79 81 43 45 90 40 28 26 56 79 18 58 48 34 18 66 6 7 65 43 43 42 16 46 25 66 2 91 7 90 86 29 46 72 86 9 19 13 28 36 95 71 3 79 93 98 81 6 47 11 24 93 93 70 27 13 32 92 49 88 69 79 69 66 58 30 81 91
37 25 21 9 44 92 76 41 59 45 73 20 7 38 57 37 97 50 58 18 28 93 80 20 71 92 36 43 26 51 1 68 87 62 66 5 11 99 80 73 63 42 62 35 78 18 8 96 77 65 11 11 56 35 85 55 16 18 25 92 72 55 50 69 48 76 58 80 20 53 64 56 63 15 36 70 79 34 29 75 6 28 33 47 14 97 38 27 27 73 15 15 72 76 67 88 27 72 4 57
50 58 55 65 47 97 79 86 10 41 40 33 81 56 32 96 93 77 34 89 56 70 84 2 81 63 38 13 63 83 48 35 53 79 50 5 48 67 20 26 88 70 55 59 72 37 100 59 38 15 25 80 42 58 34 48 35 66 76 40 99 34 84 79 9 51 24 16 32 85 1 86 74 42 25 5 86 95 43 96 30 27 52 62 93 77 48 95 8 11 68 63 96 49 1 67 38 100 10 55
95 5 2 42 53 89 72 24 100 47 69 84 38 43 27 34 44 76 78 46 84 69 37 14 69 83 81 3 81 51 41 21 56 56 97 10 28 61 41 85 91 66 25 67 44 15 41 40 58 81 4 9 81 61 90 80 29 56 37 50 66 6 43 22 77 20 100 96 30 22 61 10 72 14 76 99 72 92 93 34 86 58 12 81 74 30 90 41 75 70 99 56 8 8 12 4 40 32 7 73
65 17 1 53 91 54 31 27 91 39 96 17 80 72 19 88 98 10 47 21 97 11 10 27 29 18 74 28 71 41 78 32 14 11 14 65 22 49 33 67 41 2 29 84 56 88 69 40 33 62 77 84 36 92 87 61 61 1 36 9 84 16 90 35 2 88 86 76 87 43 7 48 18 58 90 92 1 4 39 17 20 23 28 45 3 74 9 68 25 36 96 2 25 34 40 66 73 46 52 96
21 96 22 57 8 11 31 93 99 62 85 78 84 99 4 61 92 86 97 12 21 94 52 98 4 69 57 33 82 14 17 41 49 23 2 28 30 97 77 51 87 31 62 95 8 80 41 1 21 42 21 13 68 78 18 13 87 11 77 3 75 46 91 61 94 99 85 74 65 22 61 88 4 45 25 78 99 1 58 24 62 86 34 97 8 51 42 8 98 1 17 51 99 19 59 56 81 31 91 88
94 69 28 14 69 72 38 8 41 100 15 34 91 9 63 6 33 94 98 67 51 30 81 70 67 98 72 98 49 54 59 22 62 16 58 10 20 10 32 33 70 71 61 19 19 76 60 78 48 63 90 81 37 65 45 40 8 52 42 5 80 26 82 65 72 27 22 80 22 29 35 77 96 75 28 3 45 99 31 72 4 43 39 77 82 55 47 14 82 67 91 9 96 10 3 24 8 2 45 16
42 61 83 85 22 25 99 59 43 80 5 53 52 16 94 72 31 1 74 98 78 22 46 84 78 87 24 65 55 59 29 40 86 75 49 31 34 15 41 97 87 93 91 95 69 3 31 14 24 68 32 41 82 56 57 49 100 72 80 81 25 59 17 83 31 96 54 100 65 7 87 17 51 10 71 69 59 71 39 97 4 43 57 65 35 1 53 3 63 94 98 19 53 31 19 89 58 22 88 8
92 43 55 56 31 97 63 22 93 5 54 6 11 50 56 9 95 78 15 99 21 4 50 77 7 67 29 59 11 16 8 74 90 83 31 54 51 66 90 66 79 14 4 46 79 85 57 10 52 85 17 10 97 84 51 5 30 78 27 46 55 86 82 35 58 13 97 33 86 4 100 45 25 51 42 32 51 86 11 32 63 76 17 55 9 36 90 100 34 1 75 38 12 13 52 58 28 80 1 77
49 67 55 87 41 36 81 79 40 71 91 35 72 20 24 27 5 47 95 100 41 39 83 44 34 50 99 32 84 100 14 61 21 6 18 68 27 62 11 61 47 90 45 34 57 51 32 72 45 60 46 83 41 58 12 55 58 45 36 91 72 89 15 20 97 93 69 29 10 82 17 83 44 62 31 13 19 21 38 19 62 14 10 99 2 69 56 82 41 54 38 37 89 59 40 2 67 24 47 26
70 45 3 90 50 16 27 8 9 17 6 93 92 69 14 43 76 30 5 24 87 12 70 24 92 5 41 20 60 29 42 27 58 74 19 41 81 96 26 81 83 62 32 80 47 80 2 82 99 38 43 40 30 39 5 40 3 2 55 69 88 54 78 95 29 28 97 35 84 45 54 38 3 33 57 85 43 100 29 31 76 60 2 24 75 47 76 22 87 5 81 19 30 45 77 77 57 84 8 59
66 100 6 90 18 94 2 45 37 68 92 11 7 8 71 97 39 3 35 99 38 87 84 59 31 47 21 68 64 62 29 97 96 5 37 56 40 60 92 26 58 65 22 35 25 41 3 97 29 11 14 18 6 58 11 37 5 24 79 19 49 30 7 80 46 79 19 30 17 26 1 6 76 94 79 2 67 70 65 69 15 71 78 23 77 71 43 21 82 12 9 60 66 74 29 70 69 22 35 54
10 40 96 93 1 5 30 29 65 89 25 72 27 76 25 49 78 47 42 59 3 55 44 94 16 13 41 13 42 28 95 79 47 22 41 7 2 22 31 67 14 61 88 23 21 71 23 84 26 85 1 5 29 84 19 100 1 55 71 55 27 74 57 84 19 95 86 67 18 26 72 10 6 23 42 64 89 37 94 93 69 82 27 61 93 19 49 29 92 16 34 99 41 5 84 47 76 56 71 17
58 26 41 71 29 52 35 3 32 73 99 51 94 44 75 18 56 27 60 19 67 5 15 94 43 92 37 61 59 17 28 36 50 3 19 70 53 43 8 56 66 30 45 20 69 92 11 96 95 91 18 47 11 58 17 45 51 46 92 20 56 63 43 72 5 94 74 88 54 19 74 18 78 58 90 67 64 31 5 50 2 23 39 94 43 8 33 91 37 93 54 94 60 22 7 95 76 29 87 59
65 27 76 84 11 57 56 55 15 12 3 60 74 19 84 45 75 24 84 38 93 26 79 99 7 39 76 95 17 16 43 86 51 62 58 61 31 37 94 48 90 51 63 29 40 33 2 62 66 69 96 31 99 41 82 11 63 58 33 50 44 94 3 76 27 65 1 35 81 32 88 33 2 32 70 26 34 13 21 31 100 77 8 74 13 15 56 52 81 8 86 65 20 82 88 15 46 21 37 65
49 66 41 25 3 5 16 26 45 2 65 26 44 17 99 55 2 16 28 43 7 67 84 70 45 18 60 83 76 56 39 76 26 81 50 80 9 66 91 24 5 10 66 44 79 66 82 77 73 13 42 48 88 83 50 88 40 82 63 69 16 33 74 28 14 76 26 32 42 71 72 23 95 77 8 99 97 33 57 43 56 94 9 82 73 80 26 42 12 30 57 38 12 31 28 41 13 70 60 31
76 26 93 68 85 66 48 19 85 88 93 85 83 75 11 85 70 89 67 87 35 100 7 94 3 57 7 18 10 46 45 42 74 18 39 2 13 100 69 11 64 36 24 18 1 61 63 100 67 93 90 11 48 35 81 21 89 25 43 88 27 54 78 66 31 62 27 41 12 21 30 12 40 23 37 100 26 64 7 10 33 1 89 53 63 69 71 53 11 43 78 82 16 1 49 38 98 19 62 29
11 94 15 93 53 1 90 89 39 53 68 19 63 60 36 2 88 25 88 76 74 87 33 32 61 46 76 17 100 53 80 55 87 58 72 53 63 91 17 40 88 11 55 58 63 98 7 16 74 44 57 27 22 78 30 48 19 38 96 57 5 51 19 4 66 98 52 61 61 53 27 30 81 8 24 2 10 51 26 90 91 99 24 90 10 96 46 42 11 89 88 87 86 24 9 60 45 3 52 15
3 89 45 8 93 88 38 65 80 22 68 47 53 63 13 64 95 4 69 58 79 42 8 80 65 86 42 28 36 82 3 37 59 81 30 16 55 1 27 88 10 84 73 53 95 46 41 46 74 78 4 11 82 92 72 59 84 57 19 76 25 41 58 73 57 36 65 56 67 15 7 33 97 5 97 83 44 53 98 50 12 91 54 81 48 45 36 63 6 44 20 54 63 26 75 65 12 52 39 65
71 12 99 86 90 76 99 76 41 33 78 4 12 38 85 32 26 89 53 15 43 96 44 43 13 12 86 6 57 78 2 79 59 23 38 80 68 45 42 30 84 60 34 41 57 28 86 69 40 70 86 67 9 12 99 74 62 22 96 63 47 44 11 13 31 63 31 20 96 68 65 92 33 32 11 3 75 55 7 14 67 8 93 58 54 1 64 26 27 36 27 35 98 96 92 19 50 56 77 6
48 7 83 43 77 60 77 25 5 56 6 57 46 77 92 89 28 44 19 72 8 77 1 23 16 56 73 29 8 62 87 13 70 87 29 28 39 77 28 73 28 97 65 39 89 70 23 12 51 98 6 65 54 72 35 98 48 34 16 82 6 10 5 49 56 24 27 33 41 63 71 39 48 4 41 40 58 82 57 45 57 24 92 84 42 34 55 75 69 84 74 15 8 37 11 74 50 69 36 52
6 9 50 89 77 95 93 25 26 78 59 63 1 22 91 7 66 33 85 84 37 57 39 1 70 45 27 14 62 38 54 49 69 19 94 38 34 98 44 50 15 31 30 93 79 17 44 31 78 73 65 85 1 6 50 62 44 14 20 35 48 99 4 44 94 54 53 78 63 62 18 7 91 80 29 84 58 37 70 18 46 2 91 83 55 2 49 78 13 14 47 15 36 58 38 9 35 21 31 5
15 45 15 49 40 77 41 31 87 51 52 56 89 83 63 91 24 16 13 42 3 61 47 69 55 75 85 29 27 45 1 66 71 89 3 2 3 34 59 5 95 88 90 25 73 42 17 4 19 60 69 79 92 23 31 6 43 46 8 48 98 1 42 17 55 87 34 91 98 68 46 25 58 76 35 66 85 7 12 76 13 36 87 49 86 67 87 100 37 1 42 23 50 41 86 87 3 43 82 31
5 65 3 42 68 69 58 82 97 14 65 54 59 71 44 8 22 58 72 19 3 74 15 3 19 43 40 30 8 2 80 69 36 38 91 71 63 99 76 50 53 89 49 97 77 61 66 80 29 25 66 72 89 85 82 42 19 39 71 43 73 29 10 87 97 82 83 100 49 91 72 59 40 34 85 10 15 97 56 65 52 94 87 31 84 60 91 37 17 47 31 85 71 73 66 87 61 25 43 41
9 26 21 47 55 32 9 47 51 65 63 84 80 8 57 42 44 59 67 42 33 51 44 69 82 74 40 68 17 72 91 2 79 86 90 5 37 33 73 81 35 98 48 49 47 10 44 16 43 5 25 52 10 86 75 41 43 60 17 29 35 62 20 83 2 42 35 37 96 4 93 13 58 67 48 66 99 27 38 62 60 84 31 49 25 91 14 16 67 14 10 51 47 23 40 68 7 26 1 57
96 13 30 43 86 62 24 45 35 36 29 53 5 67 45 81 44 17 77 39 49 96 77 4 63 64 44 45 75 25 63 51 33 85 4 3 2 92 100 41 81 7 76 84 48 63 78 66 32 70 23 51 20 90 41 35 39 11 65 50 79 86 42 73 7 23 16 31 94 81 59 75 11 42 69 25 49 6 73 10 39 57 69 27 59 5 23 96 49 73 23 98 35 91 16 75 95 81 76 94
80 87 85 51 54 13 34 15 23 74 88 100 2 77 98 71 46 6 63 92 99 85 5 5 19 74 83 76 37 74 35 29 86 11 71 38 69 73 15 97 73 94 98 53 7 56 64 58 93 95 93 64 13 19 36 82 99 2 68 9 35 13 98 74 81 52 5 45 10 75 14 49 31 58 89 18 34 54 99 48 31 73 31 78 75 24 44 47 35 76 33 79 55 72 39 86 53 33 32 87
61 14 85 1 56 43 99 46 45 51 22 26 13 32 12 57 63 95 1 56 9 39 54 76 6 18 18 81 12 32 99 74 82 57 4 73 75 68 25 53 25 94 33 63 60 53 81 83 15 82 21 72 17 27 77 77 78 39 84 68 66 3 3 35 21 100 87 3 12 57 52 60 19 55 85 2 75 57 49 29 56 86 86 19 91 26 40 53 18 79 42 6 37 46 64 90 16 33 54 17
39 57 91 38 7 80 25 79 34 60 42 41 68 30 95 86 65 79 88 1 53 45 8 80 43 37 36 64 34 53 13 38 79 42 5 73 29 33 64 75 25 68 9 48 29 67 2 13 2 40 78 25 33 31 88 70 48 20 97 68 10 81 92 69 1 71 12 51 60 9 1 97 95 17 15 41 80 88 16 45 56 3 65 91 22 30 14 14 64 96 7 44 57 52 31 13 69 20 75 25
62 98 53 48 30 49 87 23 100 63 52 52 87 82 15 49 42 63 78 61 60 81 65 31 65 49 99 52 39 2 2 69 92 22 93 94 88 53 51 6 92 81 2 33 50 13 49 49 53 44 26 77 85 47 89 15 79 27 41 92 82 35 26 50 11 54 29 8 63 99 91 56 57 91 6 93 39 49 99 45 32 71 46 42 85 96 78 60 100 18 64 40 95 80 21 80 94 49 49 24

