100 100 
100 50
48 54 85 53 10 38 37 49 31 6 89 24 59 75 29 60 28 65 99 90 72 72 14 39 90 59 36 50 16 17 68 84 44 21 88 95 59 60 16 85 65 56 13 20 22 84 44 63 93 15 99 2 80 68 52 39 63 58 94 58 32 14 81 57 93 64 15 97 99 3 29 43 48 16 49 3 88 24 20 100 40 53 59 3 75 28 87 10 9 85 100 16 25 35 21 87 4 40 51 42
28 43 44 49 98 64 68 17 35 75 70 65 10 29 3 30 16 91 15 43 97 52 47 90 47 64 53 6 98 76 7 56 40 7 11 68 52 24 43 14 98 71 45 48 34 31 77 40 39 58 75 5 75 56 1 16 7 12 89 61 19 78 54 29 3 85 67 88 50 96 97 12 86 34 66 73 60 68 6 42 8 94 87 49 91 76 96 27 26 42 29 23 60 44 27 74 97 3 31 11
53 53 36 25 85 100 65 95 86 27 75 21 60 88 19 13 94 11 36 27 90 27 32 64 69 95 37 40 68 93 64 93 50 13 54 6 40 48 77 98 87 49 28 51 95 40 23 41 24 79 53 64 87 12 5 63 64 9 59 14 17 91 22 23 49 15 26 96 86 34 83 5 49 87 35 82 42 50 20 31 49 7 78 35 44 28 2 11 39 7 9 26 58 97 94 8 33 92 20 70
47 56 34 54 12 33 45 96 95 46 66 66 81 6 65 48 4 12 16 79 22 59 4 88 38 45 61 22 20 50 57 49 9 65 48 95 20 52 30 47 76 79 3 42 20 20 3 7 73 73 5 20 82 55 92 36 76 96 66 6 21 30 30 65 21 16 19 85 87 86 26 56 7 27 71 12 18 96 25 95 28 50 73 80 33 100 88 67 7 89 83 34 42 94 95 84 5 61 60 85
73 53 46 8 92 67 55 30 3 34 39 43 95 100 22 82 52 58 82 30 23 50 68 17 99 58 80 83 64 43 37 46 59 86 25 6 28 31 52 61 35 47 77 17 19 33 84 99 68 26 30 62 24 58 37 39 44 72 63 54 72 18 83 48 21 8 49 66 85 7 55 16 52 67 73 38 9 75 35 59 48 20 13 68 43 1 52 99 32 1 3 18 29 52 8 79 78 82 82 65
23 69 39 6 26 16 3 87 17 28 64 57 26 79 6 3 8 63 93 21 71 10 57 70 60 43 49 55 24 81 14 54 73 18 54 4 70 78 91 100 35 2 85 6 53 26 96 54 53 32 65 47 17 38 57 100 73 24 11 59 62 30 2 55 51 46 71 95 96 7 83 30 1 48 24 59 79 8 36 6 47 80 10 86 19 22 6 11 83 9 88 29 57 95 59 18 1 91 90 89
60 72 59 31 94 45 39 28 32 41 1 8 77 60 67 66 46 73 75 67 37 28 94 31 40 86 52 62 84 30 95 80 30 37 70 27 37 16 39 21 14 73 98 35 64 89 65 50 7 28 28 29 54 69 47 57 99 1 75 97 20 3 3 8 85 74 33 15 73 72 13 17 59 46 42 80 76 68 2 88 2 92 21 36 16 71 64 100 46 54 62 15 74 86 97 16 5 99 47 99
53 78 90 58 67 64 46 51 55 85 6 93 85 9 61 82 49 8 80 43 19 18 42 5 66 72 49 1 10 60 98 27 66 54 16 11 61 14 61 38 78 50 62 28 12 94 51 82 51 18 42 82 89 31 27 95 13 54 90 28 92 56 10 47 93 40 79 18 9 54 48 15 7 14 58 3 3 15 12 61 54 32 79 17 16 69 78 79 82 50 67 23 48 19 77 17 6 14 30 49
41 54 85 57 51 93 75 87 86 5 19 6 70 93 49 24 49 80 49 50 58 82 81 29 64 77 97 98 92 8 12 10 19 74 44 90 6 55 29 1 86 78 39 23 66 71 51 19 90 48 93 36 60 22 76 48 27 35 37 95 24 63 80 44 21 16 21 33 27 27 90 23 65 16 45 92 34 83 67 13 84 17 56 61 83 77 30 3 84 32 85 93 72 55 6 80 86 8 8 43
42 64 95 56 33 45 52 10 43 58 35 70 51 95 68 89 64 42 37 93 93 83 60 43 45 97 54 19 70 74 65 12 10 95 33 33 19 2 17 57 82 56 80 25 29 59 22 40 38 3 32 51 82 25 50 13 15 7 77 1 13 94 68 44 44 89 62 51 45 44 75 86 54 91 76 61 14 72 3 73 93 46 65 89 39 47 58 16 17 17 68 86 27 1 64 37 69 87 55 45
1 85 29 31 87 35 73 39 6 4 11 5 62 91 52 5 89 50 63 76 80 57 49 45 28 81 70 16 86 35 29 4 53 42 27 56 40 45 72 39 41 40 91 78 46 11 51 86 68 80 34 26 75 59 14 64 54 68 16 9 92 31 37 92 65 65 57 76 67 2 18 61 43 48 78 83 26 28 74 36 25 27 26 15 97 92 65 30 59 65 45 27 29 5 9 84 22 38 35 40
48 62 80 47 94 84 2 47 78 96 77 40 50 68 81 16 18 98 7 27 65 46 74 30 63 10 62 80 20 41 100 4 3 21 90 28 61 96 13 91 86 51 99 86 90 57 28 63 54 100 77 44 23 11 61 17 71 32 3 85 17 67 53 97 4 14 95 78 71 1 76 97 42 36 88 1 46 60 29 35 52 95 10 91 80 62 98 93 96 68 11 43 94 98 47 12 52 36 26 67
39 25 37 32 15 41 74 50 91 79 40 18 31 41 46 61 50 7 65 98 62 43 9 41 82 46 33 45 55 5 27 82 84 33 3 100 23 45 82 69 43 45 26 16 2 40 35 32 7 18 30 60 2 47 77 55 5 86 62 34 89 61 15 55 90 31 4 82 29 43 64 36 68 68 82 44 76 18 97 60 13 77 74 84 19 93 19 20 50 89 44 16 44 1 13 70 37 1 75 48
30 66 70 41 31 78 70 79 16 46 18 81 17 99 2 13 68 75 35 39 91 64 89 86 12 89 14 9 99 18 4 4 18 35 93 98 9 70 31 95 74 92 28 32 57 28 16 5 25 59 75 8 53 68 22 48 42 31 16 29 10 79 6 43 74 24 60 33 27 53 15 97 34 80 85 25 65 56 65 74 24 13 8 100 37 92 64 74 27 91 63 60 13 99 45 96 54 16 65 52
45 57 67 1 41 44 83 44 27 98 70 56 31 84 30 67 54 95 68 49 10 80 45 32 19 86 84 100 26 42 99 43 92 89 12 20 69 40 40 29 63 34 61 96 12 69 97 98 62 25 62 14 10 87 19 37 1 6 9 20 18 83 93 89 24 14 82 15 27 57 21 51 82 91 64 96 75 62 38 52 69 23 35 15 81 68 72 55 6 76 66 94 7 73 9 65 81 31 70 7
49 49 73 31 65 31 83 54 44 4 28 70 87 92 47 16 55 92 75 45 57 88 15 11 50 98 2 69 26 70 8 18 69 64 93 18 6 21 97 43 78 22 70 63 97 29 83 45 44 36 28 32 3 92 68 61 33 20 81 70 55 6 98 28 4 13 40 35 91 66 7 4 92 20 93 13 59 45 73 92 40 90 63 65 90 58 54 72 32 84 46 58 19 13 27 55 48 69 3 36
12 73 32 50 18 47 69 55 53 35 19 49 72 53 81 56 83 25 91 30 41 84 25 95 35 35 42 42 10 65 3 46 28 77 76 74 11 65 18 33 50 61 90 61 35 89 48 21 69 32 40 9 77 6 69 17 24 44 65 86 28 53 33 76 43 81 13 11 81 95 53 12 30 37 91 32 19 73 42 88 56 44 52 75 60 70 29 41 18 80 88 58 98 5 14 73 19 10 50 23
30 30 21 15 88 50 44 10 1 67 26 79 25 97 43 49 51 87 35 4 76 20 40 98 22 66 80 2 11 79 25 86 54 45 55 43 73 51 98 20 89 86 84 26 98 37 61 43 53 27 63 49 38 54 21 80 97 34 74 81 10 48 46 91 94 18 5 41 5 96 80 7 6 97 19 5 15 84 49 68 64 12 52 85 69 61 60 25 54 61 62 92 78 40 83 24 37 39 54 36
68 42 50 32 56 2 44 83 48 15 52 36 12 17 96 14 65 9 78 46 7 96 29 45 94 23 24 69 72 90 76 38 25 38 13 54 34 27 38 28 65 80 81 79 90 8 2 88 96 64 87 65 8 60 37 26 73 66 39 86 55 57 17 76 68 84 68 4 45 23 13 52 34 72 8 3 41 54 6 8 15 1 48 79 72 17 98 43 40 78 69 49 18 9 26 15 79 94 70 6
65 85 51 45 97 17 40 48 18 81 41 70 89 14 51 95 52 69 45 3 77 41 28 83 77 49 43 16 31 51 54 36 86 32 14 13 35 25 82 16 60 47 33 15 94 46 58 26 74 26 31 89 76 52 35 5 74 63 6 97 8 54 30 46 26 35 81 84 22 11 78 94 54 90 95 14 81 80 68 95 54 30 13 42 50 91 6 84 78 21 35 7 22 66 9 41 22 27 67 32
70 71 92 52 7 81 34 21 20 48 3 74 73 43 15 15 85 81 7 57 15 4 78 35 95 56 19 10 8 77 70 62 66 26 24 80 80 6 43 20 77 56 79 94 43 2 50 68 39 63 11 69 56 4 59 20 89 33 74 55 36 73 35 12 84 82 32 25 80 62 91 45 36 73 6 87 34 65 9 81 87 36 21 57 23 67 3 92 99 31 42 43 93 74 17 45 88 16 87 53
99 11 98 1 19 75 3 38 55 12 11 84 17 46 75 16 29 13 78 85 13 11 76 71 18 4 60 25 54 93 88 75 99 61 35 95 31 15 2 83 44 41 60 80 99 40 17 70 53 57 29 51 53 44 20 50 69 52 73 40 25 55 35 55 50 52 32 96 20 73 61 30 51 58 6 56 42 43 77 52 63 94 3 59 87 73 24 20 86 95 31 3 71 47 31 88 51 33 87 38
5 75 40 57 61 75 75 95 45 11 96 6 2 35 13 85 50 90 5 65 15 18 96 23 84 10 44 78 19 76 83 44 74 1 38 23 99 16 37 17 64 62 72 60 62 53 89 78 10 88 30 15 2 9 5 85 18 22 96 6 46 65 58 81 63 47 57 97 14 78 13 34 65 43 96 66 74 50 77 25 9 100 12 42 64 50 85 32 64 82 31 94 59 22 95 3 1 43 47 74
35 38 14 29 75 23 13 46 96 66 28 20 87 32 41 29 32 37 38 92 68 50 52 62 32 40 85 5 16 41 84 18 93 83 74 19 92 27 77 48 39 98 61 90 76 57 96 1 47 78 43 31 36 66 38 22 81 83 47 17 70 25 45 37 18 38 79 6 27 7 32 89 12 4 40 23 50 93 56 24 74 78 100 64 48 63 93 32 95 93 19 45 78 4 99 99 27 51 32 70
45 69 1 2 80 95 74 5 84 6 36 56 61 81 92 34 88 97 52 55 92 90 76 84 80 38 86 31 8 16 77 41 54 22 66 30 37 29 32 72 73 81 28 72 13 40 6 81 68 98 81 55 42 29 43 5 33 97 47 11 8 64 12 5 81 51 75 69 87 63 72 74 74 32 18 83 60 88 84 25 46 60 34 68 25 39 95 65 92 63 67 54 93 36 4 62 27 33 40 76
25 7 65 25 67 73 89 24 2 89 13 60 23 51 68 53 19 69 25 39 55 25 61 66 61 12 23 71 29 52 27 7 11 54 28 37 28 83 3 73 83 73 24 13 70 59 48 49 41 57 92 36 30 83 41 95 4 39 78 46 95 76 25 96 21 24 7 30 28 50 63 41 82 14 51 31 91 8 26 12 17 61 74 41 41 58 65 18 25 77 86 7 86 19 81 14 98 21 45 71
71 27 27 90 87 74 89 89 68 95 96 50 65 67 95 47 95 46 11 54 12 19 52 33 93 43 92 48 48 26 13 35 97 34 29 53 5 88 29 55 5 55 72 70 72 22 30 19 80 84 49 79 21 24 69 55 18 17 98 60 9 3 39 23 24 46 88 57 78 84 54 55 63 10 50 86 14 85 44 69 18 51 70 28 16 51 15 9 57 61 16 12 39 61 5 82 88 94 70 81
94 48 88 62 27 75 1 56 10 34 96 15 88 28 3 57 81 28 58 58 59 15 73 79 42 97 62 53 49 91 5 32 53 10 13 78 61 84 11 29 55 97 92 38 26 78 88 29 17 8 44 47 83 16 2 94 68 99 23 67 27 11 19 29 52 38 60 54 87 13 53 28 57 44 69 68 50 1 95 26 34 92 16 94 89 85 98 76 48 46 83 79 11 32 51 11 32 64 17 33
98 26 100 93 50 4 16 18 75 100 54 20 17 85 95 11 39 21 10 58 16 96 60 17 21 55 89 59 58 69 50 55 6 86 70 80 89 88 93 16 25 16 40 15 90 72 89 42 99 33 42 35 53 18 78 34 30 22 63 51 40 66 60 79 25 70 22 43 77 100 88 92 87 15 100 61 50 1 82 59 87 82 1 11 22 88 93 92 81 9 43 90 90 33 59 65 8 79 39 93
46 27 62 23 60 20 60 65 100 81 90 64 52 45 87 55 71 60 77 23 31 18 70 97 9 52 67 41 53 81 70 51 92 8 21 97 60 19 37 75 89 37 27 50 31 20 98 69 95 90 98 97 7 14 100 16 20 68 81 65 27 50 69 29 70 57 84 67 25 2 86 5 51 93 26 36 39 20 77 13 93 83 18 69 61 94 53 43 73 53 50 35 54 82 67 7 34 68 83 12
98 56 2 22 33 51 4 5 56 33 74 35 77 40 48 22 92 18 75 42 68 65 5 74 66 7 23 78 34 43 22 59 35 38 57 32 21 62 24 92 21 77 87 65 94 59 43 9 74 36 85 76 81 65 69 66 100 22 20 41 68 54 51 61 11 100 56 7 75 83 28 36 40 1 78 8 22 21 66 17 63 79 47 13 5 28 12 89 19 65 38 86 77 44 49 36 87 66 89 65
97 30 63 76 93 40 82 51 50 92 27 70 65 10 71 69 35 88 99 99 93 38 84 72 85 29 34 18 66 93 34 49 31 3 8 40 7 49 8 20 51 12 23 94 11 98 22 58 75 96 54 65 70 8 84 79 22 76 78 33 54 62 40 39 79 86 78 85 59 25 28 87 43 43 42 81 99 21 47 81 35 63 5 3 15 33 32 77 27 45 79 5 27 9 25 59 79 73 18 100
13 69 98 50 15 77 41 35 64 56 23 28 70 77 22 47 38 99 88 52 98 7 79 25 87 54 29 1 3 82 84 93 90 72 37 56 90 8 36 57 65 87 71 35 4 24 91 92 4 63 15 98 67 56 70 27 86 67 22 9 77 63 54 36 15 82 47 27 35 88 13 54 47 94 61 67 91 46 58 99 41 47 62 95 10 63 32 15 86 34 25 39 37 55 21 1 8 18 87 20
11 40 70 53 32 12 23 47 5 91 36 22 62 92 75 51 76 4 4 91 42 57 19 83 2 45 21 87 87 94 84 56 53 54 75 87 3 86 12 54 33 49 37 28 5 81 75 68 62 46 49 26 79 71 49 48 90 74 13 40 68 25 19 19 42 47 89 66 60 6 28 60 16 77 40 17 81 43 93 23 90 97 98 54 43 59 42 67 93 9 68 99 34 62 66 75 78 33 87 64
75 81 61 51 78 86 89 52 69 23 11 31 19 23 74 7 13 56 18 62 100 80 73 49 21 40 26 78 75 78 57 64 82 57 83 24 10 96 82 61 78 92 44 46 72 23 20 89 52 20 5 84 38 33 15 85 85 33 55 2 35 68 85 71 29 58 94 7 47 61 34 68 8 68 14 64 4 12 86 93 60 83 97 11 77 86 58 23 46 55 18 34 91 88 2 28 56 9 23 91
58 76 21 73 38 28 83 21 24 41 74 58 44 55 26 24 28 66 44 100 20 19 40 2 14 17 78 48 93 96 42 23 50 80 84 13 7 16 84 31 3 89 30 21 100 40 47 10 3 79 84 53 35 16 7 85 81 12 9 42 25 64 1 89 82 86 60 57 10 73 71 82 59 68 96 81 52 96 100 84 32 71 5 93 43 100 52 35 78 82 14 66 12 96 76 56 43 20 54 83
5 39 95 47 12 10 15 85 88 30 7 41 41 28 99 26 18 24 49 91 42 29 13 77 41 98 93 53 77 94 11 30 95 80 65 57 21 91 29 90 100 19 48 92 14 79 8 38 10 53 83 87 26 48 9 24 62 57 36 94 77 50 20 83 90 84 15 97 68 24 1 30 99 94 39 31 100 76 84 77 10 39 19 14 77 79 36 75 40 49 51 72 56 39 81 40 66 74 70 77
9 44 94 32 29 85 8 81 81 76 51 75 25 65 56 31 60 75 95 46 46 4 49 27 40 71 98 63 34 44 88 18 66 91 42 12 8 32 43 97 26 55 79 3 24 35 64 28 99 93 6 52 52 13 57 90 44 38 4 6 19 61 54 62 14 33 11 48 44 60 93 94 34 11 59 27 100 34 94 47 73 50 97 37 62 29 54 15 62 66 23 77 99 14 97 88 58 92 59 55
64 61 22 97 24 26 93 47 92 25 60 37 51 57 47 4 17 12 74 23 83 49 27 78 17 59 90 19 98 97 100 12 64 89 17 88 7 80 13 46 92 13 58 98 46 31 61 93 88 98 15 55 59 36 22 92 83 52 41 12 96 34 8 15 80 96 33 91 3 48 15 23 52 35 56 52 34 25 5 60 67 92 65 17 45 93 76 38 68 23 1 41 17 17 93 83 90 62 96 10
31 79 83 55 97 61 40 97 78 39 79 94 63 88 35 37 93 28 17 29 89 91 34 33 8 43 84 83 48 57 12 89 26 31 13 48 8 53 96 66 56 99 94 96 16 89 74 80 33 63 47 35 71 44 20 21 14 40 17 70 50 18 56 63 97 18 4 98 52 34 55 28 78 12 92 8 69 44 67 99 22 4 94 35 55 68 77 92 56 14 52 78 89 39 35 40 8 38 38 85
88 7 12 7 25 64 39 86 31 58 90 32 25 99 11 13 53 39 9 31 68 91 31 91 73 72 21 90 7 84 82 77 45 18 17 47 33 36 29 15 99 56 49 99 97 18 72 86 51 47 90 5 76 11 51 12 61 65 17 41 83 60 46 81 42 21 67 76 43 18 63 25 95 13 10 15 72 44 82 26 82 29 89 33 89 42 9 27 75 70 18 93 37 28 72 62 62 74 77 23
5 87 30 96 13 61 79 100 44 1 42 56 8 83 9 96 97 89 87 4 100 55 84 2 65 76 58 37 42 79 69 19 71 62 64 28 6 28 20 39 3 84 72 64 49 19 4 17 33 6 6 86 3 37 64 7 28 32 3 77 65 95 46 27 53 43 2 56 17 83 81 47 66 38 11 29 51 83 57 55 83 64 42 95 12 6 43 42 39 23 51 45 90 75 53 62 99 57 19 96
3 65 14 46 28 42 64 13 3 54 99 61 93 28 83 44 83 89 71 60 91 28 56 53 27 45 85 90 57 29 64 46 27 33 21 67 33 7 54 94 5 87 90 51 56 63 40 97 51 10 48 10 80 25 65 4 63 17 58 10 18 72 40 93 22 4 80 73 92 39 86 55 21 22 14 16 67 60 19 82 19 57 47 51 100 88 29 11 89 2 96 50 52 79 36 97 5 80 1 7
29 21 16 59 82 59 52 52 12 32 28 99 13 15 22 59 26 39 60 4 97 91 23 72 50 20 82 65 4 65 43 10 7 99 97 34 99 2 69 83 92 57 17 4 91 57 6 10 64 77 5 38 1 70 89 5 24 80 66 60 95 88 86 44 37 26 76 2 43 78 38 15 85 41 77 58 69 33 64 42 73 53 86 26 37 78 72 39 74 61 22 13 97 81 78 72 64 74 71 4
4 71 39 67 35 57 80 49 76 40 20 45 79 82 66 59 40 6 41 20 27 19 38 41 82 3 38 28 60 66 81 70 54 70 21 8 1 19 46 91 92 60 29 65 65 13 65 63 14 72 11 77 28 98 92 38 42 60 92 7 82 34 54 15 87 94 18 15 83 56 97 26 29 68 94 14 51 19 13 75 38 10 81 3 41 54 13 61 83 19 51 95 72 73 2 7 53 28 95 58
88 97 30 89 88 27 60 19 70 15 72 40 47 48 96 25 13 69 96 64 46 49 55 3 5 59 14 20 64 81 4 21 9 24 50 91 48 93 4 44 40 69 20 49 36 92 55 77 33 47 52 65 35 2 5 64 1 4 41 83 52 46 60 58 62 1 8 36 70 40 55 88 21 92 27 19 46 25 74 55 33 35 11 56 6 88 53 17 53 18 55 38 55 73 39 86 44 74 36 57
1 10 79 20 15 74 51 81 56 80 40 66 55 12 39 70 5 37 29 11 33 93 49 51 64 99 56 52 25 9 47 72 82 7 9 69 82 88 71 51 8 35 18 46 3 92 97 40 7 64 97 82 41 44 21 66 59 57 87 63 53 84 35 1 30 77 68 60 2 5 27 66 80 44 63 10 77 82 34 60 52 86 98 48 17 66 67 13 60 99 31 59 14 52 37 18 71 60 41 18
70 60 17 20 55 39 85 72 42 25 77 19 68 62 4 45 19 92 44 25 4 66 62 54 13 1 79 12 84 58 13 86 69 41 37 12 91 19 47 34 4 17 84 46 4 33 38 66 13 25 86 100 86 88 40 15 64 65 11 2 34 21 8 6 57 68 53 33 68 71 16 68 86 21 63 52 51 50 19 10 73 70 6 56 15 59 47 89 64 86 78 35 71 56 68 40 23 44 52 74
96 16 30 19 56 44 35 34 66 65 47 58 6 62 96 13 67 16 70 31 46 91 40 94 25 68 42 22 14 92 40 53 40 6 82 92 95 57 80 87 94 60 64 57 4 2 36 61 34 81 45 27 81 44 37 61 21 72 93 82 58 52 58 81 95 12 2 33 43 93 3 82 68 10 1 78 26 94 67 61 74 46 51 23 37 6 52 9 83 38 86 16 8 19 35 35 76 22 64 38
11 52 32 78 86 82 10 32 26 10 61 68 57 56 12 12 17 70 58 35 26 23 12 57 7 7 96 41 54 94 81 47 77 37 70 33 85 77 80 27 86 33 78 31 88 74 92 99 16 45 39 92 85 40 50 60 13 14 14 1 32 15 40 4 100 62 47 99 100 93 54 75 17 84 19 27 56 73 75 8 81 91 53 33 62 82 22 99 54 89 44 8 1 45 96 35 2 76 41 49
73 18 37 54 96 57 67 88 26 43 43 97 100 61 97 8 84 81 100 1 31 91 46 12 51 79 86 23 4 86 76 73 20 51 9 34 43 62 100 60 11 66 20 88 18 90 12 1 9 75 84 41 90 35 36 44 74 37 66 60 60 97 59 18 18 86 5 68 23 36 64 92 45 6 30 7 14 35 48 32 13 10 49 89 99 87 6 8 94 39 32 91 58 28 26 84 49 63 15 9
53 81 85 80 45 5 18 98 70 99 100 24 44 48 95 89 34 92 48 40 72 9 100 42 51 38 8 79 77 66 45 92 1 75 37 83 72 77 97 24 34 54 12 37 99 28 26 26 47 94 7 59 98 88 94 6 44 9 16 69 99 62 19 1 93 41 60 44 24 1 69 5 62 83 23 43 48 64 50 89 1 34 90 77 14 88 33 66 24 55 35 95 73 44 11 15 18 15 97 60
12 27 19 61 8 32 79 42 96 18 18 86 12 28 96 83 9 63 41 7 93 81 69 3 90 12 30 7 61 83 28 61 65 47 21 16 4 77 11 61 21 89 27 3 80 35 71 77 3 89 97 50 50 48 61 24 1 22 20 26 86 97 35 63 1 36 66 99 61 4 93 90 41 78 44 18 42 40 13 16 47 62 83 26 82 69 64 52 1 8 30 73 45 52 86 3 91 29 15 41
26 75 86 50 41 65 44 58 16 94 96 70 79 63 39 39 68 93 97 8 2 95 3 43 76 24 31 44 47 14 35 65 25 33 49 97 3 58 48 43 31 57 15 57 20 39 99 9 63 73 16 47 48 14 33 76 50 26 72 10 41 13 24 88 28 20 31 82 3 46 89 36 9 58 70 35 80 61 80 29 46 57 5 34 7 56 49 73 35 89 84 18 58 73 57 75 74 26 50 72
33 43 73 29 25 9 56 17 28 53 26 21 81 57 24 4 86 48 93 95 73 31 71 18 32 77 43 2 25 21 38 41 91 3 20 33 33 8 54 29 42 93 62 26 83 10 33 75 91 3 28 63 70 66 21 93 89 27 12 72 50 41 79 85 64 87 30 62 76 52 86 35 70 58 39 96 73 9 58 2 36 47 29 19 55 100 6 3 22 50 82 91 88 62 27 69 16 61 39 13
42 77 92 68 89 37 41 85 35 51 80 38 19 59 51 53 80 91 89 44 47 55 88 70 23 3 41 8 15 76 71 4 86 36 60 41 72 92 15 89 33 78 96 33 54 30 95 90 75 8 43 23 32 30 56 23 92 36 18 43 17 92 93 68 3 24 57 15 31 39 23 84 81 24 87 50 81 68 58 60 78 57 49 8 55 56 35 13 30 26 97 24 100 95 60 70 48 98 84 90
58 94 31 26 58 10 78 47 46 62 10 81 3 83 30 91 90 89 51 47 90 42 36 47 89 97 6 18 95 14 41 32 2 42 11 84 6 19 71 52 54 87 87 41 77 20 80 22 74 4 36 52 15 55 44 53 77 92 30 75 14 33 17 1 24 87 3 40 98 74 35 71 24 50 3 68 27 7 90 7 35 61 33 90 83 36 79 43 50 33 19 92 45 93 89 61 80 18 78 91
87 85 84 87 83 89 92 58 70 52 64 89 69 86 7 99 52 93 41 85 46 60 98 75 20 91 88 14 30 31 56 83 42 72 85 11 47 68 35 53 66 66 48 98 90 38 95 24 26 71 39 5 62 82 2 43 48 8 22 57 37 12 84 100 95 72 92 76 67 22 50 84 87 31 55 96 70 59 95 23 80 22 38 30 3 59 99 70 58 71 12 61 36 27 53 82 92 82 6 26
12 65 39 44 93 67 54 27 74 38 73 32 33 66 50 14 95 42 21 36 80 37 80 76 81 83 26 85 74 36 76 22 48 68 70 32 26 7 62 86 81 58 73 74 3 24 5 80 22 94 11 59 61 80 41 40 45 86 21 2 20 53 38 52 8 60 76 62 55 6 51 47 69 67 47 34 28 89 96 32 3 44 56 7 21 21 14 66 49 19 10 41 8 83 92 23 33 4 27 7
40 87 77 80 36 65 2 21 97 39 42 4 43 27 28 83 94 61 79 83 54 98 32 29 48 47 85 60 80 88 72 93 61 9 9 27 42 23 24 83 19 14 6 62 16 43 75 30 85 50 95 87 100 46 100 31 48 10 20 96 37 1 48 29 5 52 29 29 85 49 32 54 51 42 13 68 41 86 55 98 47 12 15 92 87 35 6 27 22 5 55 88 43 71 99 8 98 59 28 55
41 44 95 30 82 33 10 56 24 78 39 64 54 85 66 63 8 62 94 2 10 8 52 91 54 99 64 51 6 97 56 47 85 12 66 68 18 81 62 55 54 73 40 37 84 19 19 98 41 69 98 68 74 56 73 100 9 43 1 70 57 12 94 48 56 15 42 53 64 27 99 20 64 31 19 1 62 38 23 2 73 9 55 100 20 9 91 27 63 73 3 95 72 29 7 11 73 65 50 5
75 86 90 41 2 41 54 38 93 78 4 22 32 82 10 33 23 73 79 4 56 78 66 53 79 29 50 69 54 76 21 24 15 38 99 29 55 75 42 86 7 95 45 93 40 16 97 85 8 95 4 57 1 9 21 54 29 78 30 67 31 56 72 33 5 71 19 12 46 63 22 73 48 55 35 95 89 88 37 95 86 46 77 53 62 32 58 79 31 96 67 10 85 24 45 55 61 46 28 21
5 55 43 23 47 92 31 90 95 63 36 24 3 97 74 26 16 38 45 91 95 83 5 84 91 21 61 33 51 60 32 87 79 17 1 48 87 4 66 38 38 70 31 9 45 27 95 75 78 60 73 51 90 74 36 69 10 3 2 68 83 48 9 52 96 33 68 37 40 24 70 21 4 84 37 47 6 94 87 58 13 34 35 77 32 84 13 29 9 64 52 1 50 70 49 97 7 8 39 18
48 74 89 35 55 78 84 56 92 28 99 91 3 27 81 25 41 8 55 51 94 51 67 100 13 34 62 94 53 80 71 92 4 40 6 97 2 76 14 54 22 53 89 60 20 40 76 8 44 96 78 5 70 14 41 9 49 3 85 9 18 78 70 90 80 8 54 79 19 66 48 18 69 84 5 67 13 94 36 15 96 16 45 5 14 21 69 65 29 28 21 8 78 12 23 7 36 39 42 46
74 22 84 21 32 44 56 6 51 5 17 58 41 2 88 24 35 70 9 75 56 2 44 73 9 14 24 5 94 49 10 6 21 26 13 13 50 100 71 55 97 7 71 19 14 32 68 27 51 96 6 76 67 25 46 75 85 33 84 51 78 95 29 15 48 3 6 36 10 99 86 62 91 13 33 12 10 42 32 80 85 79 72 54 92 11 59 70 30 1 31 19 100 13 5 37 66 57 5 1
54 59 40 13 63 54 7 84 75 80 6 41 80 81 18 73 36 10 53 48 19 80 2 93 96 86 81 7 67 55 30 27 38 87 77 69 18 76 81 46 6 45 100 44 70 40 26 35 82 93 61 71 31 12 26 51 38 65 84 48 92 41 86 44 22 57 1 25 41 47 93 72 45 50 97 33 96 64 61 45 71 84 47 32 59 84 34 21 18 57 62 72 41 21 19 62 61 94 67 29
66 15 78 70 39 55 48 12 14 36 68 78 8 98 60 40 97 39 31 28 95 98 52 34 29 85 4 57 72 84 55 40 48 15 35 27 82 68 60 45 78 79 69 36 20 47 75 50 90 85 50 25 27 34 98 32 85 41 47 34 91 63 15 16 88 76 75 81 69 34 49 5 7 27 53 76 35 81 27 64 60 32 59 61 24 12 33 30 31 55 58 58 29 59 7 32 35 31 44 93
27 14 99 36 6 72 99 51 23 79 98 34 20 59 43 33 59 74 82 68 79 94 62 41 74 82 57 78 75 12 89 96 20 28 97 93 88 100 98 93 38 8 72 45 50 39 40 39 37 65 60 34 20 27 9 57 87 42 79 28 56 8 3 27 24 5 75 32 32 85 99 48 46 1 85 4 21 56 85 99 52 78 98 50 6 77 3 30 12 46 85 69 16 63 54 6 38 95 97 86
97 67 73 65 45 45 6 84 82 96 69 48 99 62 13 95 84 81 80 95 73 93 68 60 17 7 87 32 42 81 4 91 73 25 3 20 26 65 44 88 65 85 59 42 23 95 60 74 7 90 29 48 9 43 54 28 68 26 13 87 94 63 54 50 7 70 69 37 35 23 7 98 57 67 50 67 4 22 24 92 77 9 24 23 85 1 53 67 52 1 78 62 77 58 89 47 18 69 73 96
9 20 56 7 97 68 78 19 21 8 66 64 74 82 40 23 47 38 72 25 91 17 13 40 41 82 100 20 89 36 4 54 91 31 74 85 87 14 98 12 74 52 37 88 60 65 29 84 98 14 30 51 6 45 83 51 16 75 6 99 30 12 46 68 44 42 22 100 28 31 2 51 79 41 95 36 91 1 75 36 81 33 36 69 65 31 55 90 2 43 16 55 47 67 55 2 17 100 55 26
71 74 22 40 99 56 89 77 35 1 84 41 86 39 23 25 26 39 11 89 37 11 69 21 73 25 12 57 10 2 23 1 59 10 72 23 6 60 56 31 75 78 10 43 61 97 34 100 23 66 51 58 60 6 1 94 22 30 85 45 75 21 88 72 70 95 88 22 19 40 38 47 5 1 45 98 29 37 88 20 17 13 96 10 93 2 64 8 43 98 33 47 30 23 79 87 39 95 60 90
94 22 5 71 34 55 16 37 61 15 63 15 63 1 70 4 3 94 70 27 43 56 18 32 87 11 73 31 36 40 69 62 97 35 6 19 77 59 80 39 33 72 70 48 97 95 16 92 44 88 6 56 33 27 98 32 72 72 58 46 87 56 49 90 57 30 41 7 80 64 98 4 23 72 79 6 73 14 83 9 64 74 63 71 74 26 40 58 95 38 16 67 6 28 1 33 3 5 18 78
62 14 52 48 49 2 73 74 1 89 63 70 79 17 98 33 54 79 10 52 18 4 12 11 83 48 30 61 45 12 50 95 96 81 55 92 69 53 81 9 9 75 69 48 30 90 22 29 91 62 59 58 57 38 41 70 45 55 35 20 61 14 3 92 26 45 83 51 23 45 91 47 18 80 6 9 59 80 42 20 68 73 64 91 19 66 28 65 25 60 68 43 76 94 41 18 12 70 84 75
97 50 86 77 69 88 85 45 37 37 83 41 97 90 50 44 37 90 15 57 75 95 71 3 48 1 96 41 36 62 38 50 29 18 51 92 46 78 29 43 21 73 85 31 94 64 62 60 30 48 50 58 68 96 74 70 100 63 42 9 24 66 15 96 19 42 70 86 12 7 77 73 37 28 96 25 47 38 46 33 4 2 22 56 57 41 63 53 16 70 14 70 56 27 78 12 42 37 61 43
42 17 5 31 14 86 18 85 59 42 2 74 4 77 12 46 76 6 76 30 86 3 86 15 19 22 70 39 80 94 72 71 54 23 68 61 52 89 13 6 74 41 32 44 54 27 56 79 61 34 29 58 82 28 31 25 85 58 56 29 51 47 71 78 1 89 82 6 86 7 19 21 84 85 60 49 97 77 18 100 18 83 81 25 40 93 86 47 24 100 48 9 51 20 63 67 8 60 13 51
100 71 37 76 49 27 82 79 83 75 93 59 77 75 96 26 70 22 81 29 59 37 43 84 10 84 45 30 85 67 1 64 50 9 45 31 64 81 81 74 38 23 12 84 3 38 59 34 93 94 48 23 54 38 4 34 18 75 92 97 12 69 49 38 5 19 43 54 8 37 84 77 31 65 2 68 89 29 55 15 15 57 56 73 84 99 87 98 51 68 80 51 79 63 11 49 89 31 32 41
11 68 89 20 56 1 9 73 35 54 64 7 67 70 82 29 45 16 23 82 85 22 31 61 4 92 100 21 7 39 86 7 72 71 22 99 74 30 72 89 47 34 55 58 82 62 39 69 72 49 87 2 98 45 13 23 49 12 88 30 61 86 34 27 66 39 47 68 42 92 50 98 52 26 74 15 74 12 18 86 11 86 56 97 46 32 37 11 22 99 45 99 50 80 16 48 42 81 11 86
17 19 5 32 60 50 91 11 90 78 40 14 96 78 50 81 85 71 19 75 95 50 23 22 17 48 19 99 47 32 60 25 85 63 29 68 38 56 58 37 93 35 3 94 70 19 93 39 19 9 11 40 18 37 2 43 73 58 38 76 36 81 78 5 20 3 90 24 20 25 11 59 93 4 45 83 14 72 79 62 29 9 55 71 63 13 86 95 54 24 89 26 14 70 58 62 32 42 55 34
94 58 78 54 20 67 69 34 29 22 38 32 61 60 20 33 15 81 17 61 17 41 88 45 98 98 15 91 81 70 86 12 65 94 3 1 19 67 64 82 86 17 49 80 44 11 41 1 35 86 19 17 32 90 84 67 33 44 19 82 19 75 20 5 23 77 47 49 15 24 75 94 50 3 44 14 74 37 17 15 84 100 60 60 41 51 19 92 90 32 20 38 84 62 80 83 98 99 89 19
20 93 37 70 28 77 64 23 11 2 10 32 39 11 87 96 96 84 34 42 49 31 54 70 80 62 96 56 14 33 52 68 25 6 51 43 97 73 19 85 63 95 20 25 68 52 32 1 75 42 19 93 81 24 82 88 78 74 4 51 56 65 12 56 1 44 32 92 18 78 22 77 88 48 30 34 90 66 25 21 50 15 81 98 32 83 12 66 21 66 35 61 26 40 31 59 45 71 12 40
46 4 42 21 16 18 32 72 82 19 2 89 51 29 87 85 29 47 49 5 77 59 37 39 10 30 89 39 17 97 71 50 48 82 11 73 54 8 52 72 74 35 53 72 84 68 98 10 40 73 50 8 100 53 88 10 75 5 65 97 52 79 72 30 98 40 33 37 97 18 44 100 21 83 77 86 43 8 34 3 66 96 70 44 46 23 8 100 91 81 98 17 79 22 25 30 26 15 13 72
18 14 40 86 33 82 18 92 16 88 47 56 57 7 9 46 68 55 31 61 86 52 44 72 21 83 8 41 64 6 70 25 32 88 2 68 35 38 50 24 52 16 29 95 63 26 72 12 41 13 43 39 9 65 80 80 85 55 60 19 96 56 87 26 30 54 40 63 17 17 21 76 54 15 92 24 86 20 77 94 47 1 68 75 22 56 50 39 95 47 46 50 69 4 19 70 16 39 61 84
50 6 28 73 24 28 66 34 21 82 82 24 78 98 67 26 84 75 32 28 21 12 96 36 21 61 61 100 6 61 60 66 39 64 76 19 33 18 64 98 41 10 22 21 83 44 95 8 74 21 48 1 75 83 88 3 60 62 29 75 77 66 35 1 42 96 93 13 18 4 8 26 55 96 51 14 48 10 4 75 46 54 38 5 56 26 89 25 96 44 95 86 14 29 40 19 26 93 97 23
57 38 76 46 24 97 42 69 52 90 1 67 3 49 60 80 53 24 83 78 32 38 52 30 50 78 39 51 70 16 17 61 94 94 34 42 99 23 18 72 76 86 20 48 1 66 76 2 63 36 86 32 23 13 11 43 95 81 87 77 66 13 88 74 84 86 70 1 14 60 4 87 19 93 53 25 37 20 40 6 43 63 24 100 21 68 91 9 67 35 93 13 29 53 96 34 25 74 73 20
62 29 34 84 19 3 78 4 13 45 97 89 92 97 69 11 93 54 3 63 97 55 78 90 55 29 100 58 45 3 31 18 91 89 59 14 53 72 91 17 6 7 35 41 90 91 22 42 85 84 91 42 22 98 72 36 82 93 1 1 14 63 15 69 9 89 86 28 52 44 55 48 55 59 34 32 11 51 20 99 75 86 86 47 44 89 58 88 53 45 42 87 97 20 43 35 47 69 34 39
34 30 46 11 23 77 34 36 63 3 99 2 4 28 62 16 40 75 33 54 11 67 60 59 85 9 93 39 25 3 23 9 78 57 67 4 75 48 14 10 2 70 39 45 53 92 38 29 24 85 5 72 5 29 13 90 65 32 4 11 53 3 12 94 6 62 57 22 11 42 18 51 22 38 40 61 65 75 46 64 46 93 78 48 63 28 12 16 11 48 6 68 82 20 93 28 23 8 99 74
53 23 9 82 53 53 25 32 62 34 7 19 79 19 14 88 89 92 100 30 53 13 84 82 85 52 39 48 47 12 52 81 41 4 65 81 63 93 29 96 35 29 10 77 65 22 46 49 54 13 64 58 29 22 46 64 50 20 80 79 5 2 98 53 88 30 99 1 48 80 53 7 6 54 27 26 51 86 1 60 75 10 35 48 54 6 28 43 90 73 59 46 50 56 60 13 78 47 25 59
80 39 45 47 41 51 53 29 43 89 68 8 61 20 1 72 60 98 34 42 79 15 44 61 30 100 51 35 82 96 65 67 84 68 66 64 50 80 32 44 93 54 4 58 35 32 18 81 74 32 83 23 84 61 60 26 73 44 91 99 16 61 54 99 55 21 33 98 38 97 38 64 31 82 40 44 59 32 36 98 60 63 97 90 31 57 23 69 70 65 2 84 65 45 21 75 68 90 21 46
56 26 74 23 24 37 25 48 31 21 100 85 31 25 61 20 53 51 92 35 5 29 45 21 17 40 23 59 54 37 67 55 74 81 74 84 94 11 7 100 36 23 7 46 51 8 71 68 18 40 50 85 51 10 57 59 37 39 58 67 97 93 19 46 19 78 56 6 78 14 38 20 44 77 18 73 30 84 26 14 93 21 25 50 91 52 24 22 56 68 39 18 80 3 56 39 72 4 90 10
77 47 9 21 64 17 2 83 78 51 5 13 52 2 42 1 25 54 9 4 40 72 39 45 11 90 59 51 40 66 32 53 44 23 85 22 42 34 28 72 64 55 28 8 28 78 90 75 80 60 2 56 39 5 39 32 2 41 52 59 60 54 75 64 66 97 56 50 43 29 86 58 5 12 9 29 11 45 21 50 58 74 6 51 75 19 3 33 41 11 38 56 80 50 27 12 100 19 20 67
31 32 41 23 58 11 86 58 99 24 1 80 40 93 26 27 41 81 69 28 1 50 64 69 83 8 76 56 87 46 57 82 7 81 79 23 23 9 66 92 89 36 15 2 39 99 23 24 31 78 100 79 84 7 96 68 50 30 51 43 38 61 85 13 20 62 27 65 35 11 42 27 59 20 31 98 62 12 19 32 80 6 21 87 74 36 61 29 79 37 78 13 66 23 61 79 17 68 99 34
18 57 77 65 20 24 84 67 100 84 83 84 46 3 57 50 81 17 81 74 41 78 81 12 70 5 59 1 31 12 1 52 71 66 45 10 98 63 91 41 38 80 18 53 81 19 41 4 69 84 17 81 46 32 60 72 5 84 88 69 72 4 31 37 55 10 79 2 18 72 54 36 61 45 40 97 78 11 31 57 6 72 49 16 46 41 98 27 57 89 56 64 57 80 12 50 15 76 100 26
18 67 25 47 39 59 15 56 44 4 13 82 10 90 66 10 40 59 37 9 78 62 98 19 77 14 8 90 74 93 51 64 35 42 65 31 89 32 63 73 18 78 90 35 71 31 55 80 48 80 77 61 31 54 6 88 75 48 87 49 20 50 38 57 91 6 66 31 13 51 32 71 7 47 52 89 59 94 67 64 14 62 97 62 18 33 91 51 34 76 32 12 40 97 69 57 66 81 93 13
53 52 75 67 75 70 45 37 56 83 42 94 52 44 97 77 18 99 51 35 93 45 74 39 34 54 10 58 39 83 86 91 89 58 35 65 76 10 100 30 75 96 54 2 50 1 73 84 72 84 59 46 34 94 74 25 65 24 45 74 54 31 40 45 42 80 41 34 93 70 97 76 85 20 96 75 9 24 90 44 40 87 35 69 25 80 33 14 100 79 45 48 54 43 31 80 57 39 46 8
44 7 1 8 32 20 83 15 20 6 91 63 13 34 9 75 42 9 38 90 30 9 99 20 19 62 46 81 82 96 70 28 9 19 81 51 10 95 44 70 11 29 29 72 12 69 44 32 35 57 87 39 55 29 99 97 57 46 69 18 76 84 28 81 26 10 89 37 60 12 28 96 13 43 8 5 30 57 52 29 85 81 55 49 51 82 93 39 69 74 9 82 71 85 84 89 22 44 67 23
37 67 83 77 9 30 36 36 79 67 100 15 29 18 91 10 29 49 19 67 37 28 45 99 35 90 6 61 98 1 88 6 17 54 63 32 55 92 53 81 88 61 77 77 88 34 51 37 13 75 40 74 17 99 35 74 49 16 28 59 100 49 13 14 6 82 69 29 47 59 46 4 24 99 56 27 82 27 56 81 96 13 90 9 1 83 82 42 79 82 50 96 37 1 57 37 8 48 25 86
31 30 99 40 66 16 64 9 77 49 8 73 67 25 47 24 58 91 18 52 73 74 83 65 24 61 11 24 50 78 80 69 38 17 92 40 62 55 35 83 71 16 69 31 68 14 83 43 90 45 56 30 29 25 65 89 68 96 2 55 61 92 79 59 2 24 11 84 28 79 46 44 39 19 51 68 15 57 98 55 41 25 62 53 78 81 88 88 58 35 50 26 36 48 56 32 57 55 55 81
46 68 10 60 39 14 51 98 47 37 59 80 97 4 19 88 81 24 25 87 14 39 20 55 10 43 97 76 27 91 34 71 90 63 6 44 13 8 58 78 43 30 48 88 8 5 32 34 77 28 61 85 29 25 21 100 73 79 83 99 96 23 9 7 8 84 19 41 98 68 17 34 28 44 95 96 61 78 81 91 29 26 63 4 23 43 33 74 58 31 88 85 53 71 25 48 90 33 64 45
5 18 54 9 88 98 1 8 63 72 94 73 64 20 38 82 79 40 84 56 100 5 63 72 92 68 75 44 4 54 86 22 55 53 38 12 39 24 76 63 26 2 99 88 68 64 66 62 31 70 7 81 29 19 57 81 34 68 80 84 59 74 38 23 97 93 51 12 63 19 17 69 38 29 4 51 63 6 68 40 82 52 45 2 56 94 90 81 94 70 81 92 94 81 13 59 35 22 90 47
67 26 16 65 78 69 44 47 95 20 34 39 75 57 37 48 13 56 38 17 29 96 87 12 47 97 23 69 63 3 88 42 7 51 51 50 14 30 31 41 54 97 40 52 45 21 47 67 77 54 78 42 44 18 36 62 60 12 64 53 95 1 36 74 79 71 13 44 37 21 48 46 96 94 3 25 42 81 54 66 7 7 11 28 41 69 84 12 7 21 16 87 10 57 1 98 83 86 4 72
34 12 14 37 87 66 26 53 46 3 63 86 94 49 100 50 92 25 93 95 44 91 61 41 90 80 22 77 73 58 40 42 70 20 62 9 46 52 38 94 38 84 86 91 64 83 82 49 64 67
97 28 55 88 33 68 60 25 31 42 31 36 68 21 87 99 68 46 1 87 4 37 39 73 23 49 60 90 53 69 42 3 42 54 51 70 47 100 6 17 30 30 64 29 71 6 79 54 61 24
18 50 33 17 14 63 49 80 48 93 82 96 26 50 52 51 21 68 35 81 34 96 77 84 65 42 67 8 42 45 48 13 11 99 73 6 65 13 12 20 53 3 96 60 52 90 8 19 65 87
28 22 14 53 56 61 20 84 43 6 76 87 55 89 5 71 10 65 98 75 22 24 33 59 32 71 23 79 41 91 17 70 53 33 98 93 35 68 30 30 37 52 84 36 9 41 5 4 84 72
15 86 87 85 3 59 12 20 52 76 25 37 72 21 28 81 71 40 22 54 75 16 74 45 3 2 54 42 18 94 4 29 31 50 73 10 74 21 43 86 89 41 12 69 47 27 85 97 11 19
22 42 4 55 18 93 52 75 56 32 92 39 42 56 46 63 74 38 65 100 9 18 3 17 48 39 1 27 41 44 37 100 17 69 26 86 85 21 24 88 35 78 22 5 38 10 41 3 70 17
36 44 75 8 100 66 87 18 70 97 8 81 16 13 31 11 99 69 35 9 43 37 39 57 57 31 52 43 56 27 26 3 90 40 57 60 4 70 23 94 85 15 1 69 57 41 9 32 30 28
36 17 55 59 71 63 48 71 92 31 43 22 72 94 34 11 94 4 15 88 17 75 78 97 33 64 26 81 95 42 69 89 8 98 45 51 38 100 13 45 54 35 70 98 85 45 24 56 61 78
54 80 28 53 48 80 28 10 14 37 53 21 89 71 92 55 61 8 28 9 70 94 20 64 20 32 93 88 56 65 16 89 74 77 97 69 3 52 42 49 40 58 88 46 52 64 53 99 65 28
73 72 39 42 3 3 6 21 11 95 37 87 4 32 72 72 11 52 59 54 29 66 14 74 10 27 68 45 58 45 51 79 87 40 24 66 48 3 49 70 19 91 26 73 28 78 55 78 59 65
9 61 3 68 89 95 80 34 49 61 10 57 95 99 2 11 68 29 45 61 76 19 23 2 97 7 4 66 94 77 94 89 58 48 82 82 68 23 2 80 100 26 1 28 98 18 72 37 76 71
20 30 50 19 91 18 78 24 30 40 70 87 61 56 63 37 100 52 19 78 7 92 10 56 52 53 73 84 12 47 53 63 23 36 53 57 94 69 33 4 64 28 55 76 86 58 38 6 41 5
82 89 92 79 65 16 26 62 84 81 14 50 13 93 29 36 29 97 86 94 40 38 38 26 31 45 42 84 74 66 86 6 7 95 62 68 25 67 5 32 12 3 5 92 16 74 76 76 42 76
84 34 61 35 17 91 29 83 53 76 29 63 5 33 33 29 85 62 56 17 81 18 88 92 74 75 39 40 21 45 46 17 54 45 44 61 67 73 17 51 20 33 22 73 53 93 82 57 38 94
82 77 11 35 48 90 98 36 54 67 24 94 78 87 18 3 19 39 22 52 38 91 31 34 68 19 6 45 33 10 10 85 67 53 87 89 67 40 30 64 80 59 32 29 62 80 65 32 25 90
46 84 39 82 76 1 14 49 64 49 59 68 7 17 68 53 44 77 73 24 98 89 12 2 19 60 63 54 13 3 98 50 39 14 37 68 87 61 86 7 13 98 86 25 25 4 73 13 5 6
27 39 56 25 57 11 27 30 61 80 8 49 90 4 1 76 34 46 25 60 85 84 35 59 13 70 80 8 38 61 13 96 72 93 56 4 36 21 2 85 40 34 14 56 98 96 99 38 34 65
1 3 19 52 85 66 75 75 96 79 5 82 42 56 33 48 20 92 11 10 1 51 97 61 18 98 75 61 1 11 29 1 35 68 22 84 6 67 67 20 91 56 38 58 56 34 11 5 32 39
16 6 21 23 66 68 69 70 65 3 78 16 39 15 92 58 21 75 100 83 58 75 87 54 17 12 59 50 23 49 32 69 57 7 63 38 5 95 84 35 60 56 72 12 74 58 64 2 31 23
25 96 60 32 6 99 64 87 12 28 11 83 17 93 97 9 38 87 53 87 10 23 89 44 70 99 95 59 15 58 62 94 34 68 22 16 71 33 86 47 9 82 70 23 59 28 5 98 28 84
66 17 33 53 17 97 22 6 74 13 20 6 96 61 44 7 61 9 87 23 30 22 43 55 97 6 69 48 50 8 61 93 47 85 44 94 9 47 46 19 28 81 22 6 65 39 70 21 59 43
17 22 49 32 35 40 78 90 21 33 1 52 65 55 97 65 15 66 2 78 78 33 40 88 62 65 37 80 88 88 87 20 71 41 32 41 90 24 50 92 23 26 37 9 55 37 43 100 66 37
10 93 92 27 89 22 77 57 58 44 38 58 81 98 37 45 89 48 74 49 59 45 74 7 23 45 16 76 81 77 99 78 99 89 69 76 91 62 19 60 53 81 68 18 51 38 39 19 74 25
20 100 78 14 15 59 19 80 40 50 23 5 16 36 9 94 35 2 39 41 62 98 19 14 52 21 51 70 12 47 35 50 30 51 44 77 30 56 62 18 14 61 20 96 14 8 6 25 78 88
57 14 63 24 59 77 66 31 61 57 84 93 94 23 47 94 16 1 51 52 21 13 19 54 91 40 9 8 62 66 56 100 16 96 91 26 32 43 92 5 83 51 71 52 36 1 42 88 66 57
56 38 67 3 54 18 49 100 19 51 94 67 15 59 87 13 65 89 41 47 2 22 51 40 29 1 84 80 86 23 48 61 41 68 35 20 44 32 26 88 89 35 46 34 2 83 74 22 18 59
44 46 61 77 25 66 26 40 9 52 46 87 56 39 96 80 3 4 34 92 84 100 20 56 62 53 44 14 56 30 11 27 14 6 59 22 19 36 87 8 100 43 51 95 56 45 18 12 42 40
60 7 17 74 81 67 14 29 1 18 4 76 99 85 53 40 2 84 48 73 37 79 4 7 7 58 87 69 60 59 73 68 67 97 66 10 31 65 10 27 26 47 42 4 44 8 57 8 62 99
69 63 5 3 96 88 11 26 29 47 43 93 93 70 21 82 14 16 65 97 13 8 52 7 6 86 1 95 65 85 74 90 62 10 2 71 71 76 100 98 19 71 3 50 28 65 94 67 22 51
3 12 94 30 42 87 65 45 59 72 54 81 97 82 9 66 37 22 10 35 6 46 85 30 31 46 65 19 73 87 37 51 2 22 82 1 54 42 84 1 19 42 50 71 56 15 79 22 55 27
88 2 48 46 34 37 72 24 79 2 59 62 8 36 38 82 79 90 87 60 59 82 55 64 83 10 72 55 30 14 94 20 43 42 87 8 82 21 43 34 12 85 5 11 67 24 26 33 51 89
70 95 98 10 9 90 83 86 69 45 10 61 32 95 49 65 69 2 79 45 41 33 38 52 51 43 33 58 63 99 32 42 93 64 62 24 8 79 92 78 69 29 41 43 72 7 55 36 16 76
29 82 74 45 93 99 91 20 8 49 8 7 66 62 90 52 63 10 99 51 30 47 46 39 96 99 32 40 20 28 58 72 36 38 15 88 25 46 36 56 59 46 31 51 58 77 88 38 80 86
86 66 77 33 95 69 92 55 66 95 29 69 47 26 9 79 38 19 57 73 86 7 41 28 19 89 59 5 43 53 81 72 1 76 28 43 29 48 95 20 69 91 36 37 79 62 93 42 28 84
44 98 13 83 61 97 15 51 43 28 26 71 65 47 11 54 72 56 5 68 7 60 85 77 19 83 98 72 95 45 57 100 77 37 41 19 92 58 90 2 42 94 28 44 44 24 54 69 29 54
66 96 30 59 74 24 61 80 59 86 44 42 7 94 98 91 98 59 100 92 9 31 36 74 31 53 87 64 21 54 48 41 27 13 8 77 40 78 64 12 67 48 80 98 93 48 70 54 97 27
29 87 18 48 5 78 32 54 3 50 21 96 3 93 21 3 98 72 15 45 95 75 38 59 46 85 27 4 6 11 68 77 91 49 12 76 33 57 96 34 8 36 46 37 84 69 76 50 11 30
97 2 26 99 59 61 58 1 49 77 89 56 15 33 33 6 47 64 18 43 36 97 6 93 19 89 98 20 15 46 49 3 15 74 60 17 45 67 68 68 32 38 87 76 4 27 45 70 35 62
91 22 70 6 50 12 42 8 89 62 86 15 43 11 22 48 41 69 55 32 25 71 87 38 53 92 54 69 9 60 12 77 55 51 29 99 3 72 92 46 1 61 10 36 69 27 97 86 57 53
48 96 39 100 45 4 64 33 13 88 63 62 98 58 7 44 83 99 83 85 44 60 44 63 85 7 63 74 40 79 58 42 50 57 21 60 10 43 63 84 37 58 16 100 71 48 71 7 57 13
99 60 93 99 9 23 20 51 32 87 46 32 30 17 58 15 94 20 74 58 6 25 4 18 64 39 41 19 55 50 56 93 6 100 40 27 7 6 25 9 89 6 14 23 20 8 96 96 39 45
38 46 24 90 39 61 77 63 40 27 71 91 56 75 25 11 28 37 57 11 27 23 79 55 92 46 73 82 89 24 1 14 21 12 53 62 12 59 5 24 55 15 41 49 60 66 88 74 47 41
55 63 3 14 92 73 16 75 71 18 96 17 6 95 49 5 38 51 83 34 91 43 55 90 44 21 33 34 87 83 97 25 51 62 52 98 26 71 36 79 25 82 51 100 57 15 43 61 72 11
96 47 19 37 17 41 100 85 54 56 70 100 47 68 53 74 14 89 71 84 62 47 24 61 83 4 39 78 89 20 80 95 22 36 98 34 37 40 68 85 32 80 98 77 32 35 57 55 26 45
75 20 1 70 29 95 9 96 37 73 74 95 86 50 84 9 66 71 42 49 77 16 26 70 10 12 90 2 93 55 28 40 18 74 42 98 13 18 67 77 35 85 39 56 50 96 69 31 30 69
64 71 41 9 51 44 3 1 62 45 62 71 91 64 43 85 66 4 81 54 28 94 4 21 55 23 24 13 68 32 30 15 48 42 81 82 77 68 57 77 85 2 75 72 59 63 33 81 47 88
79 53 61 29 44 37 90 22 80 61 98 35 88 2 10 79 55 64 48 78 34 74 88 93 83 15 60 99 28 74 94 8 22 67 45 36 39 97 19 81 56 61 11 43 98 96 55 58 71 89
58 43 45 85 93 59 63 64 66 29 79 74 57 11 39 84 67 38 37 40 81 77 75 33 36 11 97 46 61 60 22 14 58 29 81 45 95 77 43 83 46 73 59 7 69 69 74 9 85 70
57 36 32 70 10 31 35 77 8 20 85 55 62 40 49 93 84 61 91 55 86 100 71 24 31 70 90 8 22 12 78 75 54 73 3 19 29 46 66 5 1 22 97 18 16 35 45 18 55 10
74 15 39 64 99 81 34 39 88 1 3 50 83 9 43 83 93 2 38 33 3 5 39 95 100 59 60 10 23 21 71 12 37 94 29 62 11 31 47 13 94 46 43 10 70 59 34 68 80 15
18 21 54 39 96 12 28 38 10 55 15 82 39 4 39 7 42 25 7 62 20 17 4 74 66 51 57 26 95 84 65 21 7 81 31 8 10 3 52 46 58 52 32 6 91 24 95 88 22 8
38 34 80 57 60 67 34 1 27 14 74 28 1 49 80 67 62 13 49 93 5 33 17 4 35 85 36 48 16 41 48 85 57 73 55 33 8 84 35 63 6 84 82 77 99 45 91 89 79 86
96 64 1 72 47 89 55 40 8 62 68 40 34 79 7 19 27 83 94 23 30 100 10 89 20 42 31 46 2 94 4 43 76 96 28 33 9 84 83 36 16 46 16 3 91 22 17 13 81 36
89 6 17 68 44 22 65 15 63 40 78 93 76 10 66 88 22 56 51 49 9 12 69 52 37 15 51 1 81 17 11 3 29 82 4 3 62 50 75 53 13 33 68 23 71 90 52 34 75 19
33 33 52 54 63 14 87 89 68 100 20 100 85 12 39 79 54 62 53 45 48 44 49 87 57 3 7 1 9 57 17 10 52 9 2 92 42 9 51 12 53 38 42 25 20 62 96 67 40 13
47 50 17 62 96 52 55 11 85 76 81 27 12 79 83 91 49 13 35 21 77 12 66 81 76 62 60 8 67 72 65 95 6 25 93 18 42 47 21 49 97 45 98 74 45 32 99 33 39 7
11 78 82 93 54 24 68 67 8 7 49 3 14 15 24 4 82 9 1 5 83 85 29 21 89 34 41 76 61 61 18 98 23 62 63 63 75 60 49 30 19 80 94 25 93 70 44 54 69 91
63 97 99 96 85 52 56 10 22 46 69 78 87 1 35 24 40 40 3 41 97 78 54 78 78 33 46 99 56 4 1 69 71 41 75 35 83 43 29 6 87 23 91 44 36 3 84 14 51 96
45 76 67 15 72 27 22 41 3 67 98 15 68 4 76 98 73 2 44 7 10 67 70 74 5 44 7 100 82 51 23 95 28 79 51 61 27 71 58 15 21 57 20 57 71 59 12 90 65 78
79 99 90 41 80 46 98 27 88 17 1 95 30 37 78 100 84 23 49 97 38 82 52 60 64 58 99 49 78 5 17 39 80 72 78 52 69 20 14 14 76 31 12 8 26 9 54 97 97 95
43 27 45 38 69 41 42 37 3 49 41 23 60 43 14 25 51 39 95 35 63 13 4 30 37 73 41 13 28 86 42 55 32 18 15 35 15 52 27 22 81 30 18 68 97 78 38 32 70 68
64 9 64 65 63 49 74 90 80 77 79 1 89 47 8 63 60 87 14 86 91 5 43 59 54 34 8 48 7 69 75 18 28 87 88 31 94 48 55 49 74 28 4 3 97 86 70 26 59 60
86 51 22 33 40 61 81 11 83 66 86 64 49 52 11 90 87 1 55 86 70 49 20 9 31 62 52 48 96 11 49 43 61 3 85 9 34 24 12 68 99 47 50 9 52 32 25 92 33 26
95 28 49 26 94 78 53 29 78 42 66 74 100 45 4 34 1 70 3 55 3 24 2 85 81 23 68 95 68 14 73 9 78 60 67 87 37 99 75 89 11 14 38 74 8 26 70 47 16 91
44 78 73 3 55 84 6 98 21 72 23 44 28 76 30 52 59 63 31 86 22 39 86 96 33 67 80 18 45 20 54 96 78 56 60 63 69 15 86 89 86 29 9 66 43 35 61 87 47 45
34 57 28 30 58 92 98 86 94 68 80 85 81 18 38 8 55 59 14 9 24 23 76 77 17 97 66 10 66 67 98 23 66 86 1 65 91 35 74 81 67 78 58 64 43 45 73 69 6 85
50 57 61 55 62 47 13 55 52 10 60 16 62 68 87 52 86 62 21 42 87 100 27 60 91 90 2 93 80 87 23 22 51 97 55 86 70 79 16 71 93 94 29 36 43 28 25 31 73 80
25 30 28 77 39 54 4 72 36 16 26 91 48 15 57 72 77 90 56 83 91 55 48 21 53 11 8 3 82 80 39 24 90 26 34 29 32 23 92 17 27 14 10 35 63 32 73 31 15 63
7 6 11 18 36 17 74 98 80 39 49 60 99 81 34 5 11 71 32 18 69 43 98 62 16 89 27 41 20 30 44 86 26 9 31 51 4 100 33 19 85 68 53 39 4 24 30 71 100 74
51 77 29 65 75 34 47 13 99 76 96 23 73 85 47 40 41 83 19 14 62 95 32 5 40 39 19 81 23 70 54 35 11 27 90 27 70 5 82 90 87 2 97 39 67 86 37 63 16 92
75 10 63 95 70 73 5 54 49 35 58 15 47 13 12 45 28 47 33 49 15 91 5 18 72 14 87 92 51 85 90 7 25 28 98 97 99 33 46 84 20 57 65 89 4 6 88 28 10 35
9 99 2 63 52 77 70 59 20 49 35 5 98 25 47 81 17 90 64 26 46 5 52 31 85 59 20 76 75 62 57 62 19 73 82 45 16 22 9 63 47 90 10 99 28 10 22 95 50 66
30 48 34 55 57 39 32 58 19 18 21 85 91 1 10 10 54 87 62 31 93 40 38 12 84 33 60 26 72 48 10 14 31 28 46 53 54 84 56 63 61 14 49 22 17 62 27 71 9 24
93 90 36 28 24 67 1 24 99 26 98 4 29 20 84 51 52 25 82 91 100 58 14 53 87 95 11 77 55 80 36 45 37 87 72 50 73 47 43 67 5 30 16 2 81 28 23 36 98 56
52 7 2 86 36 97 79 18 46 86 68 2 75 24 56 70 85 81 51 67 48 46 36 23 24 18 49 81 81 12 46 5 85 52 20 21 96 54 50 55 17 25 94 32 30 15 33 33 61 76
43 37 88 99 82 98 86 17 17 73 78 61 48 46 4 88 18 97 5 23 79 61 9 99 23 24 81 53 15 68 85 66 54 1 8 83 88 91 37 26 16 31 62 64 10 27 2 18 11 37
88 68 67 58 72 90 89 22 76 71 61 38 84 12 93 60 77 92 70 34 6 87 92 93 89 42 15 66 76 8 11 56 46 88 3 59 13 5 64 87 21 93 38 53 62 82 59 69 94 49
62 54 28 40 35 84 60 17 17 100 24 64 83 67 83 30 9 17 74 47 100 63 52 82 97 86 72 90 98 45 78 6 88 65 87 67 88 58 45 88 18 65 53 96 1 99 99 7 55 87
47 53 36 97 93 45 82 65 25 25 17 99 2 91 57 5 13 17 69 15 14 26 55 19 3 96 81 3 25 71 94 74 34 93 52 52 25 18 89 80 7 42 3 94 22 16 23 75 32 24
12 56 43 62 96 86 86 9 64 77 32 52 90 89 6 88 90 73 66 97 60 93 11 50 79 2 31 70 11 78 63 32 32 40 67 24 36 57 10 79 41 46 77 87 68 85 19 23 5 14
87 22 24 68 11 20 35 61 80 24 64 53 32 1 75 10 93 39 50 5 89 18 76 92 85 95 58 90 15 5 44 72 56 59 50 81 96 91 27 76 54 27 21 71 3 99 3 52 59 48
55 23 10 35 84 93 11 13 9 80 94 44 75 21 5 4 89 94 1 84 10 8 64 14 69 8 82 52 29 20 64 42 58 34 32 50 7 70 5 70 11 68 93 60 30 67 35 84 14 67
62 27 58 49 33 37 1 40 78 31 64 4 18 31 47 21 63 51 76 76 84 16 99 83 24 93 10 42 72 79 5 74 7 78 94 69 68 2 100 82 31 18 99 41 67 38 67 1 41 59
52 42 76 48 66 76 68 50 79 29 11 6 59 59 87 59 42 24 70 53 73 18 59 35 83 56 78 40 47 6 63 7 1 43 42 90 87 41 98 99 4 9 12 5 70 83 1 18 27 43
74 68 85 35 74 87 21 46 87 36 55 9 89 66 79 84 27 82 78 68 26 43 15 85 50 21 54 11 3 5 43 8 78 86 15 5 50 50 7 91 90 12 56 82 36 54 82 68 13 28
22 39 75 94 3 45 57 36 43 6 59 88 56 69 37 91 31 18 51 36 99 94 34 39 6 7 34 46 33 81 29 56 22 17 48 81 32 5 5 86 39 90 28 51 93 100 13 94 80 18
32 10 39 69 45 14 66 81 23 71 70 9 85 17 91 67 4 51 1 16 22 37 24 64 45 91 19 80 40 40 91 92 24 63 89 60 10 35 57 29 10 73 47 52 86 7 64 55 27 66
31 36 95 51 85 91 38 88 9 59 24 54 90 18 37 5 72 84 73 56 37 40 69 26 12 6 100 28 74 67 21 52 17 56 64 84 12 83 31 37 71 8 56 36 84 48 53 93 52 5
88 55 84 38 31 7 54 41 28 100 6 95 37 11 20 63 12 50 11 87 99 5 12 14 45 16 97 94 20 86 19 16 95 13 45 57 65 52 43 25 3 2 12 23 7 89 34 56 9 54
25 35 89 34 72 5 76 71 30 92 6 26 65 71 30 82 22 94 96 64 89 92 75 15 67 79 92 22 35 19 29 86 96 90 47 7 5 43 61 31 98 91 64 78 81 52 49 33 32 69
96 82 39 80 29 71 47 48 4 31 5 84 66 58 47 67 97 55 8 67 27 44 86 74 9 26 45 20 64 27 76 67 31 35 78 98 52 99 52 97 98 30 78 82 44 40 95 72 62 19
9 72 25 38 18 7 97 88 84 68 28 62 28 23 43 17 33 81 54 48 11 95 32 40 99 60 68 72 74 21 14 50 65 68 94 17 53 49 6 13 15 23 74 12 34 79 70 29 83 84
7 90 10 8 35 59 98 4 6 72 22 30 28 31 71 77 78 65 89 33 32 58 100 95 38 39 83 5 3 67 24 65 12 49 59 61 4 7 89 8 20 61 88 87 4 56 83 7 31 55
78 89 10 11 83 35 95 46 35 31 9 42 71 19 98 85 3 27 51 7 26 68 13 82 75 53 13 35 3 99 66 19 9 45 23 58 63 68 28 58 16 21 90 79 60 30 7 17 77 84
28 53 32 13 49 33 30 25 40 2 29 99 30 98 55 63 25 67 11 91 58 14 62 69 96 22 70 51 16 48 22 31 89 22 80 48 36 83 97 66 50 13 69 56 61 92 76 50 1 28
73 80 5 48 22 82 10 78 6 8 21 61 47 16 85 45 70 5 76 27 38 84 48 66 99 37 42 81 68 5 99 87 87 43 37 44 82 19 26 33 94 35 25 37 77 13 54 65 67 91
8 80 97 57 68 56 39 11 35 56 4 65 11 13 4 84 97 20 79 46 12 84 89 48 10 45 56 20 58 34 22 87 6 80 13 55 20 26 89 7 68 25 42 98 44 33 73 24 58 5
73 40 30 76 32 17 70 93 65 53 94 71 95 65 23 39 49 73 41 14 70 77 57 69 99 46 78 15 20 64 60 78 29 85 13 8 65 15 35 52 92 19 67 84 92 69 74 72 19 98
7 14 97 37 13 24 94 72 3 8 97 37 87 40 87 49 12 58 56 6 80 79 57 10 6 38 40 3 80 79 67 98 84 74 63 60 59 14 98 21 15 94 1 38 73 25 40 92 23 22
83 96 71 9 48 63 68 75 30 94 25 63 4 38 39 44 14 53 73 10 15 100 52 97 16 4 37 34 14 76 11 65 34 16 5 27 6 77 7 36 14 79 82 12 20 92 14 39 41 17

