A num cols: 50
B num rows: 50
time for multiplication: 0.0015473
Matrix C: 
Dimensions in NxM form: 50x50
1299 1427 1462 1245 1323 1278 1351 1321 1285 1503 1164 1415 1386 1353 1306 1427 1316 1608 1344 1377 1076 1175 1163 1408 1311 1386 1240 1577 1146 1452 1356 1369 1566 1562 1348 1336 1195 1393 1201 1432 1215 1278 1319 1455 1371 1299 1382 1497 1290 1351 
1292 1328 1279 1079 1138 1199 1198 989 1247 1311 1028 1244 1224 1137 1128 1284 1071 1367 1308 1144 1042 1059 1130 1259 1290 1272 1121 1442 1114 1355 1231 1207 1259 1398 1278 1112 1113 1332 1204 1235 1158 1151 1178 1378 1342 1319 1236 1321 1040 1266 
1408 1503 1385 1117 1229 1329 1238 1219 1263 1350 1032 1272 1274 1258 1348 1391 1197 1529 1398 1239 1158 1162 1225 1341 1417 1285 1182 1575 1193 1383 1271 1321 1281 1548 1348 1228 1157 1358 1354 1372 1242 1211 1312 1443 1356 1293 1340 1474 1125 1312 
1124 1304 1202 1137 1092 1127 1079 1111 1149 1249 975 1200 1118 1212 1181 1341 1149 1449 1264 1180 1042 964 1137 1234 1277 1249 1086 1403 1005 1380 1241 1204 1343 1350 1328 1023 1110 1237 1179 1259 1077 1111 1268 1319 1257 1141 1172 1318 1121 1174 
1194 1350 1221 1050 1089 1240 1153 1087 1096 1306 1011 1172 1131 1104 1181 1199 1123 1390 1232 1144 1011 1016 1110 1312 1148 1210 1196 1455 1006 1334 1127 1336 1282 1390 1222 1138 1084 1234 1007 1151 1042 1116 1230 1325 1251 1213 1329 1235 1130 1116 
1390 1554 1395 1284 1247 1260 1447 1283 1414 1524 1274 1433 1456 1378 1279 1390 1283 1509 1467 1384 1194 1235 1187 1356 1440 1497 1356 1639 1213 1559 1342 1384 1519 1619 1430 1367 1250 1465 1353 1427 1244 1312 1456 1518 1509 1424 1441 1524 1324 1313 
1273 1301 1274 1161 1084 1239 1241 1130 1306 1385 1039 1255 1165 1188 1164 1229 1249 1364 1253 1242 969 1067 1025 1197 1209 1243 1200 1375 1083 1298 1129 1208 1400 1385 1199 1203 1015 1187 1131 1176 1149 1080 1178 1270 1289 1215 1262 1359 1125 1177 
1360 1446 1373 1236 1248 1328 1425 1219 1225 1483 1143 1363 1325 1287 1234 1460 1208 1530 1379 1328 1116 1175 1235 1361 1341 1395 1290 1553 1185 1508 1292 1419 1489 1528 1322 1295 1117 1391 1263 1339 1192 1232 1315 1382 1419 1281 1445 1517 1304 1277 
1277 1348 1344 1197 1198 1345 1307 1222 1259 1473 1145 1350 1264 1261 1227 1332 1281 1565 1422 1249 1052 1140 1208 1275 1432 1347 1294 1512 1138 1487 1240 1265 1332 1486 1285 1248 1163 1394 1384 1339 1184 1150 1325 1485 1284 1326 1354 1434 1184 1230 
1185 1366 1312 1144 1110 1274 1273 1314 1217 1447 1138 1315 1279 1183 1190 1364 1193 1448 1404 1178 1092 1057 1163 1269 1397 1266 1304 1487 1159 1434 1203 1320 1420 1396 1227 1221 1109 1313 1207 1277 1221 1131 1198 1385 1285 1237 1369 1337 1248 1212 
1119 1302 1208 1048 1105 1149 1081 969 1087 1343 925 1113 1084 1019 1078 1173 1035 1288 1242 1055 964 984 907 1101 1198 1208 1116 1295 1065 1313 1070 1107 1216 1282 1188 984 1023 1083 1062 1077 979 1107 1064 1184 1115 1150 1168 1248 1008 1217 
1087 1164 1092 1055 966 1096 1138 970 988 1273 924 1055 1112 1021 1046 1216 1062 1259 1199 1131 799 948 949 1120 1184 1093 1112 1207 1065 1217 1012 1063 1255 1304 1155 1014 979 1140 1036 1118 1043 971 1073 1180 1155 1044 1179 1212 1114 1127 
1238 1369 1301 1241 1175 1190 1204 1089 1187 1504 1077 1294 1299 1139 1298 1410 1169 1501 1303 1308 997 1067 1111 1293 1316 1346 1274 1538 1146 1271 1296 1309 1401 1441 1363 1188 1212 1314 1240 1267 1158 1195 1281 1400 1296 1325 1301 1395 1193 1255 
1213 1283 1282 1103 1100 1195 1091 1182 1233 1311 1047 1253 1201 1164 1173 1321 1122 1447 1352 1174 929 1071 1129 1239 1286 1281 1192 1341 1098 1311 1195 1223 1322 1328 1308 1129 1121 1302 1196 1222 1188 1094 1145 1310 1264 1226 1303 1273 1162 1224 
1326 1509 1252 1156 1194 1373 1285 1221 1176 1317 1104 1264 1190 1227 1267 1386 1201 1536 1444 1355 1143 1052 1230 1418 1354 1304 1240 1555 1122 1473 1332 1424 1425 1548 1385 1157 1155 1350 1243 1306 1201 1114 1277 1433 1285 1327 1411 1475 1162 1309 
1437 1486 1457 1321 1285 1338 1347 1275 1383 1504 1126 1418 1380 1353 1321 1427 1317 1599 1490 1429 1149 1197 1277 1370 1489 1480 1296 1677 1216 1549 1463 1375 1520 1606 1521 1349 1288 1501 1418 1405 1293 1242 1426 1511 1452 1422 1381 1519 1335 1347 
1220 1403 1255 1189 1166 1253 1245 1141 1206 1382 1059 1266 1286 1238 1235 1275 1091 1462 1374 1228 1007 1091 1095 1203 1335 1235 1250 1485 1126 1334 1230 1215 1332 1352 1243 1123 1088 1264 1259 1283 1225 1116 1171 1370 1239 1279 1222 1332 1049 1177 
1176 1346 1165 1133 1181 1090 1122 1101 1080 1295 1038 1136 1213 1109 1148 1231 1055 1376 1296 1146 1030 1091 1130 1206 1298 1223 1171 1401 999 1350 1163 1275 1248 1341 1214 1073 1120 1216 1157 1192 1067 1119 1208 1296 1219 1107 1203 1294 1131 1167 
1241 1456 1222 1241 1234 1263 1300 1135 1252 1413 1173 1334 1321 1228 1216 1340 1157 1497 1352 1304 1122 1119 1251 1306 1308 1382 1307 1567 1138 1488 1358 1400 1439 1471 1344 1223 1147 1349 1239 1331 1157 1203 1337 1499 1378 1318 1310 1303 1226 1202 
1137 1316 1041 1047 943 1009 1085 963 1104 1305 964 1160 1017 1014 1055 1172 1045 1267 1163 1139 987 902 995 1083 1277 1176 1159 1251 968 1208 1084 1111 1250 1371 1141 991 1018 1183 1036 1138 953 1059 1151 1231 1150 1076 1194 1257 1053 1175 
1131 1183 1166 1043 995 1023 1194 1010 1087 1210 978 1153 1072 1154 1094 1202 1077 1302 1232 1188 1011 905 1033 1089 1205 1143 1041 1288 964 1270 1137 1202 1193 1329 1254 1021 979 1294 1159 1175 1053 1088 1131 1246 1223 1142 1209 1251 1013 1146 
1188 1258 1170 1055 1091 1172 1119 1034 1058 1285 946 1143 1080 1083 1115 1220 1001 1428 1245 1143 933 981 1085 1162 1187 1165 1069 1374 939 1218 1120 1196 1287 1329 1184 1045 974 1130 1108 1080 1036 988 1064 1221 1116 1138 1173 1290 1010 1085 
1318 1350 1240 1081 1149 1199 1184 1110 1173 1317 1131 1287 1250 1208 1167 1333 1122 1456 1305 1220 1045 1117 1155 1214 1327 1227 1167 1386 1174 1339 1283 1228 1353 1323 1273 1173 1039 1385 1202 1192 1228 1203 1141 1299 1294 1201 1290 1346 1168 1341 
1202 1347 1274 1112 1110 1282 1285 1176 1200 1346 1091 1259 1223 1135 1189 1347 1194 1416 1299 1251 1005 1069 1149 1213 1324 1293 1205 1460 1184 1328 1255 1295 1401 1424 1284 1196 1075 1412 1218 1269 1157 1137 1188 1303 1425 1254 1359 1378 1175 1279 
1264 1378 1289 1171 1093 1250 1139 1134 1205 1326 990 1265 1160 1164 1127 1316 1159 1390 1278 1200 1046 1017 1048 1263 1305 1216 1247 1417 1082 1375 1213 1279 1326 1392 1183 1138 1086 1289 1166 1148 1143 1139 1184 1274 1182 1233 1312 1404 1124 1216 
1156 1292 1255 1038 1034 1103 1096 1095 1141 1280 896 1168 1154 1088 1140 1278 1135 1304 1248 1135 1024 1001 1019 1273 1197 1113 1066 1367 1012 1268 1128 1139 1244 1370 1202 1064 1040 1183 1185 1279 1046 1072 1211 1269 1152 1131 1179 1264 1075 1123 
1267 1423 1288 1149 1180 1192 1224 1098 1216 1386 1084 1155 1179 1174 1221 1367 1174 1403 1259 1269 1128 1080 1035 1231 1258 1281 1184 1485 1149 1320 1228 1291 1323 1436 1294 1178 1084 1442 1233 1156 1172 1164 1290 1356 1401 1359 1410 1357 1248 1359 
1209 1294 1224 1148 1149 1203 1189 1186 1149 1360 1081 1311 1249 1215 1189 1292 1121 1372 1275 1270 968 1059 1105 1213 1256 1279 1195 1481 1093 1341 1236 1294 1418 1368 1250 1183 1052 1307 1208 1298 1130 1109 1239 1408 1248 1269 1253 1339 1097 1160 
1253 1403 1316 1067 1053 1167 1206 1205 1235 1292 1072 1222 1213 1242 1178 1292 1119 1409 1328 1208 1067 1055 1086 1254 1257 1208 1220 1363 1048 1337 1175 1278 1340 1438 1246 1192 1090 1342 1187 1259 1185 1177 1234 1277 1283 1144 1360 1438 1160 1213 
1085 1203 1211 1017 982 1111 1073 1092 1260 1243 954 1185 1068 1109 1078 1127 1169 1387 1286 1087 973 989 1043 1082 1143 1109 1140 1322 981 1263 1143 1158 1243 1244 1199 981 1017 1236 1111 1191 1116 1096 1063 1193 1188 1176 1157 1178 1063 1094 
1323 1434 1346 1229 1179 1242 1330 1194 1218 1453 1102 1244 1307 1229 1261 1399 1170 1542 1361 1242 1026 1120 1204 1298 1346 1326 1276 1537 1111 1424 1311 1420 1387 1491 1431 1206 1150 1355 1226 1326 1291 1242 1302 1340 1419 1214 1317 1379 1246 1335 
1231 1240 1267 1085 1163 1149 1087 1134 1152 1368 957 1208 1149 1164 1182 1218 1145 1340 1213 1201 989 974 1034 1218 1193 1212 1097 1416 1069 1262 1179 1165 1384 1289 1248 1087 1056 1306 1169 1170 1046 1025 1217 1311 1311 1172 1220 1237 1116 1204 
1320 1459 1311 1206 1241 1336 1142 1235 1249 1397 1107 1281 1189 1291 1244 1294 1196 1481 1433 1379 1086 1122 1145 1330 1405 1424 1262 1516 1162 1483 1236 1275 1418 1555 1336 1268 1199 1378 1268 1231 1147 1088 1343 1512 1322 1317 1399 1500 1243 1244 
1140 1182 1179 977 944 1082 1091 1021 1125 1291 866 1186 1089 1013 1038 1142 1135 1269 1279 1128 981 933 1040 1130 1205 1086 1127 1297 990 1264 1084 1113 1258 1286 1265 967 1042 1205 1124 1175 1009 1004 1119 1222 1146 1126 1126 1183 937 1110 
1286 1314 1262 1161 1122 1313 1149 1080 1114 1470 1030 1327 1212 1223 1216 1320 1091 1358 1378 1328 1010 1060 1058 1194 1317 1309 1283 1422 1215 1432 1143 1217 1371 1402 1318 1130 1028 1272 1243 1098 1146 1110 1225 1373 1213 1337 1344 1360 1189 1183 
1220 1302 1272 1044 1107 1260 1159 1192 1218 1269 1030 1236 1185 1180 1133 1185 1119 1375 1204 1187 1045 989 1084 1199 1200 1240 1155 1481 1044 1304 1233 1273 1363 1327 1232 1110 1062 1333 1113 1121 1093 1076 1204 1289 1310 1281 1286 1343 1066 1144 
1237 1287 1244 1168 1060 1125 1065 1114 1146 1339 1042 1232 1249 1156 1120 1247 1075 1258 1245 1250 946 1089 1084 1182 1271 1213 1229 1446 1103 1256 1150 1143 1308 1324 1258 1107 1092 1276 1165 1129 1096 1043 1231 1252 1199 1233 1207 1350 1120 1179 
1168 1305 1234 1199 1149 1266 1175 1236 1227 1365 1146 1231 1212 1180 1138 1230 1232 1399 1345 1169 1079 1095 1212 1266 1300 1320 1253 1551 1073 1458 1186 1274 1390 1410 1237 1229 1074 1281 1289 1204 1093 1030 1292 1470 1297 1289 1317 1279 1262 1094 
1295 1377 1314 1138 1160 1329 1364 1219 1179 1452 1145 1325 1335 1206 1189 1301 1154 1409 1346 1324 1013 1117 1138 1233 1411 1326 1260 1468 1158 1384 1244 1280 1535 1493 1309 1293 1142 1370 1197 1255 1190 1129 1213 1353 1305 1247 1312 1512 1115 1289 
1092 1294 1161 999 1060 1025 1051 1077 1053 1245 989 1133 1066 1036 1111 1176 951 1206 1211 1148 955 1025 926 1203 1147 1185 1016 1324 941 1207 1052 1082 1159 1286 1225 1047 1043 1199 1062 1075 1017 1016 1175 1249 1156 1199 1153 1250 989 1184 
1266 1248 1243 1162 1098 1164 1162 1166 1231 1332 1083 1160 1267 1183 1075 1168 1137 1380 1301 1224 1069 1111 1075 1195 1192 1152 1223 1478 1070 1347 1240 1294 1355 1376 1317 1164 1053 1259 1163 1158 1245 1150 1215 1294 1301 1153 1178 1276 1136 1223 
1111 1172 1112 983 1042 1010 1063 1020 1037 1238 959 1053 1043 986 1100 1173 1013 1325 1116 1080 795 961 994 1086 1054 1197 1047 1281 1000 1168 1096 1139 1167 1201 1187 1034 1044 1181 1023 1086 991 1046 1097 1189 1205 1144 1180 1147 1048 1138 
1336 1504 1456 1355 1285 1338 1367 1284 1348 1572 1143 1409 1346 1363 1356 1521 1321 1653 1531 1388 1154 1200 1288 1350 1519 1457 1381 1614 1234 1598 1383 1356 1524 1596 1535 1215 1315 1499 1459 1473 1256 1308 1416 1530 1393 1402 1390 1584 1274 1369 
1259 1327 1282 1133 1044 1127 1123 1096 1168 1362 1071 1272 1266 1235 1177 1364 1121 1429 1303 1266 1069 1018 1105 1314 1302 1240 1232 1467 1004 1288 1210 1328 1323 1466 1304 1166 1110 1300 1196 1249 1167 1147 1299 1447 1255 1283 1366 1341 1134 1216 
1240 1355 1318 1103 1198 1290 1195 1032 1262 1267 1029 1201 1201 1143 1154 1204 1112 1379 1240 1200 997 1087 983 1151 1267 1321 1137 1365 1013 1303 1180 1282 1380 1457 1273 1159 1087 1282 1204 1140 1120 1086 1175 1415 1386 1324 1269 1364 1005 1214 
1520 1600 1511 1356 1381 1412 1385 1469 1489 1624 1305 1430 1395 1460 1421 1428 1431 1707 1587 1443 1269 1263 1297 1404 1585 1482 1459 1717 1298 1592 1452 1451 1591 1628 1494 1397 1365 1622 1433 1436 1381 1350 1450 1594 1581 1395 1521 1634 1378 1529 
1224 1343 1137 1127 1107 1105 1162 1029 1070 1198 1073 1144 1070 1144 1088 1219 1019 1305 1177 1188 948 1019 1019 1185 1181 1128 1077 1390 970 1228 1177 1256 1238 1247 1112 1074 938 1201 1094 1093 1070 1025 1135 1208 1210 1144 1166 1299 1037 1227 
1122 1337 1257 1080 1055 1129 1235 1188 1256 1353 1058 1204 1180 1229 1186 1212 1126 1380 1302 1171 1063 998 1078 1165 1260 1202 1192 1357 1085 1386 1143 1138 1270 1393 1167 1170 1043 1283 1215 1276 1151 1181 1212 1322 1225 1169 1224 1323 1091 1103 
1244 1254 1246 1028 1069 1156 1049 1037 1167 1283 951 1259 1146 1016 1055 1236 1078 1351 1194 1137 911 1059 1027 1223 1198 1167 1156 1222 1081 1283 1151 1132 1282 1301 1256 1122 1043 1239 1103 1098 1124 1076 1125 1212 1146 1143 1166 1266 991 1241 
1356 1410 1305 1278 1251 1293 1334 1238 1374 1423 1173 1395 1275 1280 1206 1431 1230 1582 1334 1238 1092 1155 1220 1297 1374 1403 1353 1586 1145 1478 1346 1380 1444 1477 1342 1211 1187 1513 1338 1257 1304 1254 1357 1496 1503 1415 1359 1402 1299 1318 
